           2
  0.0000000000000000  0.0000000000000000  0.9274159187933927
  0.0000000000000000  0.0000000000000000  0.0725840812066073
           1           1  -2.0000000000000000       -2.0000000000000000       -1.0725840812066072     
           2           2  -2.0000000000000000       -2.0000000000000000       -1.9274159187933928     
           3           1  -2.0000000000000000       -2.0000000000000000       -7.2584081206607309E-002
           4           2  -2.0000000000000000       -2.0000000000000000      -0.92741591879339269     
           5           1  -2.0000000000000000       -2.0000000000000000       0.92741591879339269     
           6           2  -2.0000000000000000       -2.0000000000000000        7.2584081206607295E-002
           7           1  -2.0000000000000000       -2.0000000000000000        1.9274159187933928     
           8           2  -2.0000000000000000       -2.0000000000000000        1.0725840812066072     
           9           1  -2.0000000000000000       -2.0000000000000000        2.9274159187933928     
          10           2  -2.0000000000000000       -2.0000000000000000        2.0725840812066072     
          11           1  -2.0000000000000000       -1.0000000000000000       -1.0725840812066072     
          12           2  -2.0000000000000000       -1.0000000000000000       -1.9274159187933928     
          13           1  -2.0000000000000000       -1.0000000000000000       -7.2584081206607309E-002
          14           2  -2.0000000000000000       -1.0000000000000000      -0.92741591879339269     
          15           1  -2.0000000000000000       -1.0000000000000000       0.92741591879339269     
          16           2  -2.0000000000000000       -1.0000000000000000        7.2584081206607295E-002
          17           1  -2.0000000000000000       -1.0000000000000000        1.9274159187933928     
          18           2  -2.0000000000000000       -1.0000000000000000        1.0725840812066072     
          19           1  -2.0000000000000000       -1.0000000000000000        2.9274159187933928     
          20           2  -2.0000000000000000       -1.0000000000000000        2.0725840812066072     
          21           1  -2.0000000000000000        0.0000000000000000       -1.0725840812066072     
          22           2  -2.0000000000000000        0.0000000000000000       -1.9274159187933928     
          23           1  -2.0000000000000000        0.0000000000000000       -7.2584081206607309E-002
          24           2  -2.0000000000000000        0.0000000000000000      -0.92741591879339269     
          25           1  -2.0000000000000000        0.0000000000000000       0.92741591879339269     
          26           2  -2.0000000000000000        0.0000000000000000        7.2584081206607295E-002
          27           1  -2.0000000000000000        0.0000000000000000        1.9274159187933928     
          28           2  -2.0000000000000000        0.0000000000000000        1.0725840812066072     
          29           1  -2.0000000000000000        0.0000000000000000        2.9274159187933928     
          30           2  -2.0000000000000000        0.0000000000000000        2.0725840812066072     
          31           1  -2.0000000000000000        1.0000000000000000       -1.0725840812066072     
          32           2  -2.0000000000000000        1.0000000000000000       -1.9274159187933928     
          33           1  -2.0000000000000000        1.0000000000000000       -7.2584081206607309E-002
          34           2  -2.0000000000000000        1.0000000000000000      -0.92741591879339269     
          35           1  -2.0000000000000000        1.0000000000000000       0.92741591879339269     
          36           2  -2.0000000000000000        1.0000000000000000        7.2584081206607295E-002
          37           1  -2.0000000000000000        1.0000000000000000        1.9274159187933928     
          38           2  -2.0000000000000000        1.0000000000000000        1.0725840812066072     
          39           1  -2.0000000000000000        1.0000000000000000        2.9274159187933928     
          40           2  -2.0000000000000000        1.0000000000000000        2.0725840812066072     
          41           1  -2.0000000000000000        2.0000000000000000       -1.0725840812066072     
          42           2  -2.0000000000000000        2.0000000000000000       -1.9274159187933928     
          43           1  -2.0000000000000000        2.0000000000000000       -7.2584081206607309E-002
          44           2  -2.0000000000000000        2.0000000000000000      -0.92741591879339269     
          45           1  -2.0000000000000000        2.0000000000000000       0.92741591879339269     
          46           2  -2.0000000000000000        2.0000000000000000        7.2584081206607295E-002
          47           1  -2.0000000000000000        2.0000000000000000        1.9274159187933928     
          48           2  -2.0000000000000000        2.0000000000000000        1.0725840812066072     
          49           1  -2.0000000000000000        2.0000000000000000        2.9274159187933928     
          50           2  -2.0000000000000000        2.0000000000000000        2.0725840812066072     
          51           1  -1.0000000000000000       -2.0000000000000000       -1.0725840812066072     
          52           2  -1.0000000000000000       -2.0000000000000000       -1.9274159187933928     
          53           1  -1.0000000000000000       -2.0000000000000000       -7.2584081206607309E-002
          54           2  -1.0000000000000000       -2.0000000000000000      -0.92741591879339269     
          55           1  -1.0000000000000000       -2.0000000000000000       0.92741591879339269     
          56           2  -1.0000000000000000       -2.0000000000000000        7.2584081206607295E-002
          57           1  -1.0000000000000000       -2.0000000000000000        1.9274159187933928     
          58           2  -1.0000000000000000       -2.0000000000000000        1.0725840812066072     
          59           1  -1.0000000000000000       -2.0000000000000000        2.9274159187933928     
          60           2  -1.0000000000000000       -2.0000000000000000        2.0725840812066072     
          61           1  -1.0000000000000000       -1.0000000000000000       -1.0725840812066072     
          62           2  -1.0000000000000000       -1.0000000000000000       -1.9274159187933928     
          63           1  -1.0000000000000000       -1.0000000000000000       -7.2584081206607309E-002
          64           2  -1.0000000000000000       -1.0000000000000000      -0.92741591879339269     
          65           1  -1.0000000000000000       -1.0000000000000000       0.92741591879339269     
          66           2  -1.0000000000000000       -1.0000000000000000        7.2584081206607295E-002
          67           1  -1.0000000000000000       -1.0000000000000000        1.9274159187933928     
          68           2  -1.0000000000000000       -1.0000000000000000        1.0725840812066072     
          69           1  -1.0000000000000000       -1.0000000000000000        2.9274159187933928     
          70           2  -1.0000000000000000       -1.0000000000000000        2.0725840812066072     
          71           1  -1.0000000000000000        0.0000000000000000       -1.0725840812066072     
          72           2  -1.0000000000000000        0.0000000000000000       -1.9274159187933928     
          73           1  -1.0000000000000000        0.0000000000000000       -7.2584081206607309E-002
          74           2  -1.0000000000000000        0.0000000000000000      -0.92741591879339269     
          75           1  -1.0000000000000000        0.0000000000000000       0.92741591879339269     
          76           2  -1.0000000000000000        0.0000000000000000        7.2584081206607295E-002
          77           1  -1.0000000000000000        0.0000000000000000        1.9274159187933928     
          78           2  -1.0000000000000000        0.0000000000000000        1.0725840812066072     
          79           1  -1.0000000000000000        0.0000000000000000        2.9274159187933928     
          80           2  -1.0000000000000000        0.0000000000000000        2.0725840812066072     
          81           1  -1.0000000000000000        1.0000000000000000       -1.0725840812066072     
          82           2  -1.0000000000000000        1.0000000000000000       -1.9274159187933928     
          83           1  -1.0000000000000000        1.0000000000000000       -7.2584081206607309E-002
          84           2  -1.0000000000000000        1.0000000000000000      -0.92741591879339269     
          85           1  -1.0000000000000000        1.0000000000000000       0.92741591879339269     
          86           2  -1.0000000000000000        1.0000000000000000        7.2584081206607295E-002
          87           1  -1.0000000000000000        1.0000000000000000        1.9274159187933928     
          88           2  -1.0000000000000000        1.0000000000000000        1.0725840812066072     
          89           1  -1.0000000000000000        1.0000000000000000        2.9274159187933928     
          90           2  -1.0000000000000000        1.0000000000000000        2.0725840812066072     
          91           1  -1.0000000000000000        2.0000000000000000       -1.0725840812066072     
          92           2  -1.0000000000000000        2.0000000000000000       -1.9274159187933928     
          93           1  -1.0000000000000000        2.0000000000000000       -7.2584081206607309E-002
          94           2  -1.0000000000000000        2.0000000000000000      -0.92741591879339269     
          95           1  -1.0000000000000000        2.0000000000000000       0.92741591879339269     
          96           2  -1.0000000000000000        2.0000000000000000        7.2584081206607295E-002
          97           1  -1.0000000000000000        2.0000000000000000        1.9274159187933928     
          98           2  -1.0000000000000000        2.0000000000000000        1.0725840812066072     
          99           1  -1.0000000000000000        2.0000000000000000        2.9274159187933928     
         100           2  -1.0000000000000000        2.0000000000000000        2.0725840812066072     
         101           1   0.0000000000000000       -2.0000000000000000       -1.0725840812066072     
         102           2   0.0000000000000000       -2.0000000000000000       -1.9274159187933928     
         103           1   0.0000000000000000       -2.0000000000000000       -7.2584081206607309E-002
         104           2   0.0000000000000000       -2.0000000000000000      -0.92741591879339269     
         105           1   0.0000000000000000       -2.0000000000000000       0.92741591879339269     
         106           2   0.0000000000000000       -2.0000000000000000        7.2584081206607295E-002
         107           1   0.0000000000000000       -2.0000000000000000        1.9274159187933928     
         108           2   0.0000000000000000       -2.0000000000000000        1.0725840812066072     
         109           1   0.0000000000000000       -2.0000000000000000        2.9274159187933928     
         110           2   0.0000000000000000       -2.0000000000000000        2.0725840812066072     
         111           1   0.0000000000000000       -1.0000000000000000       -1.0725840812066072     
         112           2   0.0000000000000000       -1.0000000000000000       -1.9274159187933928     
         113           1   0.0000000000000000       -1.0000000000000000       -7.2584081206607309E-002
         114           2   0.0000000000000000       -1.0000000000000000      -0.92741591879339269     
         115           1   0.0000000000000000       -1.0000000000000000       0.92741591879339269     
         116           2   0.0000000000000000       -1.0000000000000000        7.2584081206607295E-002
         117           1   0.0000000000000000       -1.0000000000000000        1.9274159187933928     
         118           2   0.0000000000000000       -1.0000000000000000        1.0725840812066072     
         119           1   0.0000000000000000       -1.0000000000000000        2.9274159187933928     
         120           2   0.0000000000000000       -1.0000000000000000        2.0725840812066072     
         121           1   0.0000000000000000        0.0000000000000000       -1.0725840812066072     
         122           2   0.0000000000000000        0.0000000000000000       -1.9274159187933928     
         123           1   0.0000000000000000        0.0000000000000000       -7.2584081206607309E-002
         124           2   0.0000000000000000        0.0000000000000000      -0.92741591879339269     
         125           1   0.0000000000000000        0.0000000000000000       0.92741591879339269     
         126           2   0.0000000000000000        0.0000000000000000        7.2584081206607295E-002
         127           1   0.0000000000000000        0.0000000000000000        1.9274159187933928     
         128           2   0.0000000000000000        0.0000000000000000        1.0725840812066072     
         129           1   0.0000000000000000        0.0000000000000000        2.9274159187933928     
         130           2   0.0000000000000000        0.0000000000000000        2.0725840812066072     
         131           1   0.0000000000000000        1.0000000000000000       -1.0725840812066072     
         132           2   0.0000000000000000        1.0000000000000000       -1.9274159187933928     
         133           1   0.0000000000000000        1.0000000000000000       -7.2584081206607309E-002
         134           2   0.0000000000000000        1.0000000000000000      -0.92741591879339269     
         135           1   0.0000000000000000        1.0000000000000000       0.92741591879339269     
         136           2   0.0000000000000000        1.0000000000000000        7.2584081206607295E-002
         137           1   0.0000000000000000        1.0000000000000000        1.9274159187933928     
         138           2   0.0000000000000000        1.0000000000000000        1.0725840812066072     
         139           1   0.0000000000000000        1.0000000000000000        2.9274159187933928     
         140           2   0.0000000000000000        1.0000000000000000        2.0725840812066072     
         141           1   0.0000000000000000        2.0000000000000000       -1.0725840812066072     
         142           2   0.0000000000000000        2.0000000000000000       -1.9274159187933928     
         143           1   0.0000000000000000        2.0000000000000000       -7.2584081206607309E-002
         144           2   0.0000000000000000        2.0000000000000000      -0.92741591879339269     
         145           1   0.0000000000000000        2.0000000000000000       0.92741591879339269     
         146           2   0.0000000000000000        2.0000000000000000        7.2584081206607295E-002
         147           1   0.0000000000000000        2.0000000000000000        1.9274159187933928     
         148           2   0.0000000000000000        2.0000000000000000        1.0725840812066072     
         149           1   0.0000000000000000        2.0000000000000000        2.9274159187933928     
         150           2   0.0000000000000000        2.0000000000000000        2.0725840812066072     
         151           1   1.0000000000000000       -2.0000000000000000       -1.0725840812066072     
         152           2   1.0000000000000000       -2.0000000000000000       -1.9274159187933928     
         153           1   1.0000000000000000       -2.0000000000000000       -7.2584081206607309E-002
         154           2   1.0000000000000000       -2.0000000000000000      -0.92741591879339269     
         155           1   1.0000000000000000       -2.0000000000000000       0.92741591879339269     
         156           2   1.0000000000000000       -2.0000000000000000        7.2584081206607295E-002
         157           1   1.0000000000000000       -2.0000000000000000        1.9274159187933928     
         158           2   1.0000000000000000       -2.0000000000000000        1.0725840812066072     
         159           1   1.0000000000000000       -2.0000000000000000        2.9274159187933928     
         160           2   1.0000000000000000       -2.0000000000000000        2.0725840812066072     
         161           1   1.0000000000000000       -1.0000000000000000       -1.0725840812066072     
         162           2   1.0000000000000000       -1.0000000000000000       -1.9274159187933928     
         163           1   1.0000000000000000       -1.0000000000000000       -7.2584081206607309E-002
         164           2   1.0000000000000000       -1.0000000000000000      -0.92741591879339269     
         165           1   1.0000000000000000       -1.0000000000000000       0.92741591879339269     
         166           2   1.0000000000000000       -1.0000000000000000        7.2584081206607295E-002
         167           1   1.0000000000000000       -1.0000000000000000        1.9274159187933928     
         168           2   1.0000000000000000       -1.0000000000000000        1.0725840812066072     
         169           1   1.0000000000000000       -1.0000000000000000        2.9274159187933928     
         170           2   1.0000000000000000       -1.0000000000000000        2.0725840812066072     
         171           1   1.0000000000000000        0.0000000000000000       -1.0725840812066072     
         172           2   1.0000000000000000        0.0000000000000000       -1.9274159187933928     
         173           1   1.0000000000000000        0.0000000000000000       -7.2584081206607309E-002
         174           2   1.0000000000000000        0.0000000000000000      -0.92741591879339269     
         175           1   1.0000000000000000        0.0000000000000000       0.92741591879339269     
         176           2   1.0000000000000000        0.0000000000000000        7.2584081206607295E-002
         177           1   1.0000000000000000        0.0000000000000000        1.9274159187933928     
         178           2   1.0000000000000000        0.0000000000000000        1.0725840812066072     
         179           1   1.0000000000000000        0.0000000000000000        2.9274159187933928     
         180           2   1.0000000000000000        0.0000000000000000        2.0725840812066072     
         181           1   1.0000000000000000        1.0000000000000000       -1.0725840812066072     
         182           2   1.0000000000000000        1.0000000000000000       -1.9274159187933928     
         183           1   1.0000000000000000        1.0000000000000000       -7.2584081206607309E-002
         184           2   1.0000000000000000        1.0000000000000000      -0.92741591879339269     
         185           1   1.0000000000000000        1.0000000000000000       0.92741591879339269     
         186           2   1.0000000000000000        1.0000000000000000        7.2584081206607295E-002
         187           1   1.0000000000000000        1.0000000000000000        1.9274159187933928     
         188           2   1.0000000000000000        1.0000000000000000        1.0725840812066072     
         189           1   1.0000000000000000        1.0000000000000000        2.9274159187933928     
         190           2   1.0000000000000000        1.0000000000000000        2.0725840812066072     
         191           1   1.0000000000000000        2.0000000000000000       -1.0725840812066072     
         192           2   1.0000000000000000        2.0000000000000000       -1.9274159187933928     
         193           1   1.0000000000000000        2.0000000000000000       -7.2584081206607309E-002
         194           2   1.0000000000000000        2.0000000000000000      -0.92741591879339269     
         195           1   1.0000000000000000        2.0000000000000000       0.92741591879339269     
         196           2   1.0000000000000000        2.0000000000000000        7.2584081206607295E-002
         197           1   1.0000000000000000        2.0000000000000000        1.9274159187933928     
         198           2   1.0000000000000000        2.0000000000000000        1.0725840812066072     
         199           1   1.0000000000000000        2.0000000000000000        2.9274159187933928     
         200           2   1.0000000000000000        2.0000000000000000        2.0725840812066072     
         201           1   2.0000000000000000       -2.0000000000000000       -1.0725840812066072     
         202           2   2.0000000000000000       -2.0000000000000000       -1.9274159187933928     
         203           1   2.0000000000000000       -2.0000000000000000       -7.2584081206607309E-002
         204           2   2.0000000000000000       -2.0000000000000000      -0.92741591879339269     
         205           1   2.0000000000000000       -2.0000000000000000       0.92741591879339269     
         206           2   2.0000000000000000       -2.0000000000000000        7.2584081206607295E-002
         207           1   2.0000000000000000       -2.0000000000000000        1.9274159187933928     
         208           2   2.0000000000000000       -2.0000000000000000        1.0725840812066072     
         209           1   2.0000000000000000       -2.0000000000000000        2.9274159187933928     
         210           2   2.0000000000000000       -2.0000000000000000        2.0725840812066072     
         211           1   2.0000000000000000       -1.0000000000000000       -1.0725840812066072     
         212           2   2.0000000000000000       -1.0000000000000000       -1.9274159187933928     
         213           1   2.0000000000000000       -1.0000000000000000       -7.2584081206607309E-002
         214           2   2.0000000000000000       -1.0000000000000000      -0.92741591879339269     
         215           1   2.0000000000000000       -1.0000000000000000       0.92741591879339269     
         216           2   2.0000000000000000       -1.0000000000000000        7.2584081206607295E-002
         217           1   2.0000000000000000       -1.0000000000000000        1.9274159187933928     
         218           2   2.0000000000000000       -1.0000000000000000        1.0725840812066072     
         219           1   2.0000000000000000       -1.0000000000000000        2.9274159187933928     
         220           2   2.0000000000000000       -1.0000000000000000        2.0725840812066072     
         221           1   2.0000000000000000        0.0000000000000000       -1.0725840812066072     
         222           2   2.0000000000000000        0.0000000000000000       -1.9274159187933928     
         223           1   2.0000000000000000        0.0000000000000000       -7.2584081206607309E-002
         224           2   2.0000000000000000        0.0000000000000000      -0.92741591879339269     
         225           1   2.0000000000000000        0.0000000000000000       0.92741591879339269     
         226           2   2.0000000000000000        0.0000000000000000        7.2584081206607295E-002
         227           1   2.0000000000000000        0.0000000000000000        1.9274159187933928     
         228           2   2.0000000000000000        0.0000000000000000        1.0725840812066072     
         229           1   2.0000000000000000        0.0000000000000000        2.9274159187933928     
         230           2   2.0000000000000000        0.0000000000000000        2.0725840812066072     
         231           1   2.0000000000000000        1.0000000000000000       -1.0725840812066072     
         232           2   2.0000000000000000        1.0000000000000000       -1.9274159187933928     
         233           1   2.0000000000000000        1.0000000000000000       -7.2584081206607309E-002
         234           2   2.0000000000000000        1.0000000000000000      -0.92741591879339269     
         235           1   2.0000000000000000        1.0000000000000000       0.92741591879339269     
         236           2   2.0000000000000000        1.0000000000000000        7.2584081206607295E-002
         237           1   2.0000000000000000        1.0000000000000000        1.9274159187933928     
         238           2   2.0000000000000000        1.0000000000000000        1.0725840812066072     
         239           1   2.0000000000000000        1.0000000000000000        2.9274159187933928     
         240           2   2.0000000000000000        1.0000000000000000        2.0725840812066072     
         241           1   2.0000000000000000        2.0000000000000000       -1.0725840812066072     
         242           2   2.0000000000000000        2.0000000000000000       -1.9274159187933928     
         243           1   2.0000000000000000        2.0000000000000000       -7.2584081206607309E-002
         244           2   2.0000000000000000        2.0000000000000000      -0.92741591879339269     
         245           1   2.0000000000000000        2.0000000000000000       0.92741591879339269     
         246           2   2.0000000000000000        2.0000000000000000        7.2584081206607295E-002
         247           1   2.0000000000000000        2.0000000000000000        1.9274159187933928     
         248           2   2.0000000000000000        2.0000000000000000        1.0725840812066072     
         249           1   2.0000000000000000        2.0000000000000000        2.9274159187933928     
         250           2   2.0000000000000000        2.0000000000000000        2.0725840812066072     
         250
   0.0000000000000000        0.0000000000000000        15.766070619487676     
   0.0000000000000000        0.0000000000000000        1.2339293805123239     
  -34.000000000000000       -34.000000000000000       -18.233929380512322     
  -34.000000000000000       -34.000000000000000       -32.766070619487678     
  -34.000000000000000       -34.000000000000000       -1.2339293805123241     
  -34.000000000000000       -34.000000000000000       -15.766070619487676     
  -34.000000000000000       -34.000000000000000        15.766070619487676     
  -34.000000000000000       -34.000000000000000        1.2339293805123239     
  -34.000000000000000       -34.000000000000000        32.766070619487678     
  -34.000000000000000       -34.000000000000000        18.233929380512322     
  -34.000000000000000       -34.000000000000000        49.766070619487678     
  -34.000000000000000       -34.000000000000000        35.233929380512322     
  -34.000000000000000       -17.000000000000000       -18.233929380512322     
  -34.000000000000000       -17.000000000000000       -32.766070619487678     
  -34.000000000000000       -17.000000000000000       -1.2339293805123241     
  -34.000000000000000       -17.000000000000000       -15.766070619487676     
  -34.000000000000000       -17.000000000000000        15.766070619487676     
  -34.000000000000000       -17.000000000000000        1.2339293805123239     
  -34.000000000000000       -17.000000000000000        32.766070619487678     
  -34.000000000000000       -17.000000000000000        18.233929380512322     
  -34.000000000000000       -17.000000000000000        49.766070619487678     
  -34.000000000000000       -17.000000000000000        35.233929380512322     
  -34.000000000000000        0.0000000000000000       -18.233929380512322     
  -34.000000000000000        0.0000000000000000       -32.766070619487678     
  -34.000000000000000        0.0000000000000000       -1.2339293805123241     
  -34.000000000000000        0.0000000000000000       -15.766070619487676     
  -34.000000000000000        0.0000000000000000        15.766070619487676     
  -34.000000000000000        0.0000000000000000        1.2339293805123239     
  -34.000000000000000        0.0000000000000000        32.766070619487678     
  -34.000000000000000        0.0000000000000000        18.233929380512322     
  -34.000000000000000        0.0000000000000000        49.766070619487678     
  -34.000000000000000        0.0000000000000000        35.233929380512322     
  -34.000000000000000        17.000000000000000       -18.233929380512322     
  -34.000000000000000        17.000000000000000       -32.766070619487678     
  -34.000000000000000        17.000000000000000       -1.2339293805123241     
  -34.000000000000000        17.000000000000000       -15.766070619487676     
  -34.000000000000000        17.000000000000000        15.766070619487676     
  -34.000000000000000        17.000000000000000        1.2339293805123239     
  -34.000000000000000        17.000000000000000        32.766070619487678     
  -34.000000000000000        17.000000000000000        18.233929380512322     
  -34.000000000000000        17.000000000000000        49.766070619487678     
  -34.000000000000000        17.000000000000000        35.233929380512322     
  -34.000000000000000        34.000000000000000       -18.233929380512322     
  -34.000000000000000        34.000000000000000       -32.766070619487678     
  -34.000000000000000        34.000000000000000       -1.2339293805123241     
  -34.000000000000000        34.000000000000000       -15.766070619487676     
  -34.000000000000000        34.000000000000000        15.766070619487676     
  -34.000000000000000        34.000000000000000        1.2339293805123239     
  -34.000000000000000        34.000000000000000        32.766070619487678     
  -34.000000000000000        34.000000000000000        18.233929380512322     
  -34.000000000000000        34.000000000000000        49.766070619487678     
  -34.000000000000000        34.000000000000000        35.233929380512322     
  -17.000000000000000       -34.000000000000000       -18.233929380512322     
  -17.000000000000000       -34.000000000000000       -32.766070619487678     
  -17.000000000000000       -34.000000000000000       -1.2339293805123241     
  -17.000000000000000       -34.000000000000000       -15.766070619487676     
  -17.000000000000000       -34.000000000000000        15.766070619487676     
  -17.000000000000000       -34.000000000000000        1.2339293805123239     
  -17.000000000000000       -34.000000000000000        32.766070619487678     
  -17.000000000000000       -34.000000000000000        18.233929380512322     
  -17.000000000000000       -34.000000000000000        49.766070619487678     
  -17.000000000000000       -34.000000000000000        35.233929380512322     
  -17.000000000000000       -17.000000000000000       -18.233929380512322     
  -17.000000000000000       -17.000000000000000       -32.766070619487678     
  -17.000000000000000       -17.000000000000000       -1.2339293805123241     
  -17.000000000000000       -17.000000000000000       -15.766070619487676     
  -17.000000000000000       -17.000000000000000        15.766070619487676     
  -17.000000000000000       -17.000000000000000        1.2339293805123239     
  -17.000000000000000       -17.000000000000000        32.766070619487678     
  -17.000000000000000       -17.000000000000000        18.233929380512322     
  -17.000000000000000       -17.000000000000000        49.766070619487678     
  -17.000000000000000       -17.000000000000000        35.233929380512322     
  -17.000000000000000        0.0000000000000000       -18.233929380512322     
  -17.000000000000000        0.0000000000000000       -32.766070619487678     
  -17.000000000000000        0.0000000000000000       -1.2339293805123241     
  -17.000000000000000        0.0000000000000000       -15.766070619487676     
  -17.000000000000000        0.0000000000000000        15.766070619487676     
  -17.000000000000000        0.0000000000000000        1.2339293805123239     
  -17.000000000000000        0.0000000000000000        32.766070619487678     
  -17.000000000000000        0.0000000000000000        18.233929380512322     
  -17.000000000000000        0.0000000000000000        49.766070619487678     
  -17.000000000000000        0.0000000000000000        35.233929380512322     
  -17.000000000000000        17.000000000000000       -18.233929380512322     
  -17.000000000000000        17.000000000000000       -32.766070619487678     
  -17.000000000000000        17.000000000000000       -1.2339293805123241     
  -17.000000000000000        17.000000000000000       -15.766070619487676     
  -17.000000000000000        17.000000000000000        15.766070619487676     
  -17.000000000000000        17.000000000000000        1.2339293805123239     
  -17.000000000000000        17.000000000000000        32.766070619487678     
  -17.000000000000000        17.000000000000000        18.233929380512322     
  -17.000000000000000        17.000000000000000        49.766070619487678     
  -17.000000000000000        17.000000000000000        35.233929380512322     
  -17.000000000000000        34.000000000000000       -18.233929380512322     
  -17.000000000000000        34.000000000000000       -32.766070619487678     
  -17.000000000000000        34.000000000000000       -1.2339293805123241     
  -17.000000000000000        34.000000000000000       -15.766070619487676     
  -17.000000000000000        34.000000000000000        15.766070619487676     
  -17.000000000000000        34.000000000000000        1.2339293805123239     
  -17.000000000000000        34.000000000000000        32.766070619487678     
  -17.000000000000000        34.000000000000000        18.233929380512322     
  -17.000000000000000        34.000000000000000        49.766070619487678     
  -17.000000000000000        34.000000000000000        35.233929380512322     
   0.0000000000000000       -34.000000000000000       -18.233929380512322     
   0.0000000000000000       -34.000000000000000       -32.766070619487678     
   0.0000000000000000       -34.000000000000000       -1.2339293805123241     
   0.0000000000000000       -34.000000000000000       -15.766070619487676     
   0.0000000000000000       -34.000000000000000        15.766070619487676     
   0.0000000000000000       -34.000000000000000        1.2339293805123239     
   0.0000000000000000       -34.000000000000000        32.766070619487678     
   0.0000000000000000       -34.000000000000000        18.233929380512322     
   0.0000000000000000       -34.000000000000000        49.766070619487678     
   0.0000000000000000       -34.000000000000000        35.233929380512322     
   0.0000000000000000       -17.000000000000000       -18.233929380512322     
   0.0000000000000000       -17.000000000000000       -32.766070619487678     
   0.0000000000000000       -17.000000000000000       -1.2339293805123241     
   0.0000000000000000       -17.000000000000000       -15.766070619487676     
   0.0000000000000000       -17.000000000000000        15.766070619487676     
   0.0000000000000000       -17.000000000000000        1.2339293805123239     
   0.0000000000000000       -17.000000000000000        32.766070619487678     
   0.0000000000000000       -17.000000000000000        18.233929380512322     
   0.0000000000000000       -17.000000000000000        49.766070619487678     
   0.0000000000000000       -17.000000000000000        35.233929380512322     
   0.0000000000000000        0.0000000000000000       -18.233929380512322     
   0.0000000000000000        0.0000000000000000       -32.766070619487678     
   0.0000000000000000        0.0000000000000000       -1.2339293805123241     
   0.0000000000000000        0.0000000000000000       -15.766070619487676     
   0.0000000000000000        0.0000000000000000        15.766070619487676     
   0.0000000000000000        0.0000000000000000        1.2339293805123239     
   0.0000000000000000        0.0000000000000000        32.766070619487678     
   0.0000000000000000        0.0000000000000000        18.233929380512322     
   0.0000000000000000        0.0000000000000000        49.766070619487678     
   0.0000000000000000        0.0000000000000000        35.233929380512322     
   0.0000000000000000        17.000000000000000       -18.233929380512322     
   0.0000000000000000        17.000000000000000       -32.766070619487678     
   0.0000000000000000        17.000000000000000       -1.2339293805123241     
   0.0000000000000000        17.000000000000000       -15.766070619487676     
   0.0000000000000000        17.000000000000000        15.766070619487676     
   0.0000000000000000        17.000000000000000        1.2339293805123239     
   0.0000000000000000        17.000000000000000        32.766070619487678     
   0.0000000000000000        17.000000000000000        18.233929380512322     
   0.0000000000000000        17.000000000000000        49.766070619487678     
   0.0000000000000000        17.000000000000000        35.233929380512322     
   0.0000000000000000        34.000000000000000       -18.233929380512322     
   0.0000000000000000        34.000000000000000       -32.766070619487678     
   0.0000000000000000        34.000000000000000       -1.2339293805123241     
   0.0000000000000000        34.000000000000000       -15.766070619487676     
   0.0000000000000000        34.000000000000000        15.766070619487676     
   0.0000000000000000        34.000000000000000        1.2339293805123239     
   0.0000000000000000        34.000000000000000        32.766070619487678     
   0.0000000000000000        34.000000000000000        18.233929380512322     
   0.0000000000000000        34.000000000000000        49.766070619487678     
   0.0000000000000000        34.000000000000000        35.233929380512322     
   17.000000000000000       -34.000000000000000       -18.233929380512322     
   17.000000000000000       -34.000000000000000       -32.766070619487678     
   17.000000000000000       -34.000000000000000       -1.2339293805123241     
   17.000000000000000       -34.000000000000000       -15.766070619487676     
   17.000000000000000       -34.000000000000000        15.766070619487676     
   17.000000000000000       -34.000000000000000        1.2339293805123239     
   17.000000000000000       -34.000000000000000        32.766070619487678     
   17.000000000000000       -34.000000000000000        18.233929380512322     
   17.000000000000000       -34.000000000000000        49.766070619487678     
   17.000000000000000       -34.000000000000000        35.233929380512322     
   17.000000000000000       -17.000000000000000       -18.233929380512322     
   17.000000000000000       -17.000000000000000       -32.766070619487678     
   17.000000000000000       -17.000000000000000       -1.2339293805123241     
   17.000000000000000       -17.000000000000000       -15.766070619487676     
   17.000000000000000       -17.000000000000000        15.766070619487676     
   17.000000000000000       -17.000000000000000        1.2339293805123239     
   17.000000000000000       -17.000000000000000        32.766070619487678     
   17.000000000000000       -17.000000000000000        18.233929380512322     
   17.000000000000000       -17.000000000000000        49.766070619487678     
   17.000000000000000       -17.000000000000000        35.233929380512322     
   17.000000000000000        0.0000000000000000       -18.233929380512322     
   17.000000000000000        0.0000000000000000       -32.766070619487678     
   17.000000000000000        0.0000000000000000       -1.2339293805123241     
   17.000000000000000        0.0000000000000000       -15.766070619487676     
   17.000000000000000        0.0000000000000000        15.766070619487676     
   17.000000000000000        0.0000000000000000        1.2339293805123239     
   17.000000000000000        0.0000000000000000        32.766070619487678     
   17.000000000000000        0.0000000000000000        18.233929380512322     
   17.000000000000000        0.0000000000000000        49.766070619487678     
   17.000000000000000        0.0000000000000000        35.233929380512322     
   17.000000000000000        17.000000000000000       -18.233929380512322     
   17.000000000000000        17.000000000000000       -32.766070619487678     
   17.000000000000000        17.000000000000000       -1.2339293805123241     
   17.000000000000000        17.000000000000000       -15.766070619487676     
   17.000000000000000        17.000000000000000        15.766070619487676     
   17.000000000000000        17.000000000000000        1.2339293805123239     
   17.000000000000000        17.000000000000000        32.766070619487678     
   17.000000000000000        17.000000000000000        18.233929380512322     
   17.000000000000000        17.000000000000000        49.766070619487678     
   17.000000000000000        17.000000000000000        35.233929380512322     
   17.000000000000000        34.000000000000000       -18.233929380512322     
   17.000000000000000        34.000000000000000       -32.766070619487678     
   17.000000000000000        34.000000000000000       -1.2339293805123241     
   17.000000000000000        34.000000000000000       -15.766070619487676     
   17.000000000000000        34.000000000000000        15.766070619487676     
   17.000000000000000        34.000000000000000        1.2339293805123239     
   17.000000000000000        34.000000000000000        32.766070619487678     
   17.000000000000000        34.000000000000000        18.233929380512322     
   17.000000000000000        34.000000000000000        49.766070619487678     
   17.000000000000000        34.000000000000000        35.233929380512322     
   34.000000000000000       -34.000000000000000       -18.233929380512322     
   34.000000000000000       -34.000000000000000       -32.766070619487678     
   34.000000000000000       -34.000000000000000       -1.2339293805123241     
   34.000000000000000       -34.000000000000000       -15.766070619487676     
   34.000000000000000       -34.000000000000000        15.766070619487676     
   34.000000000000000       -34.000000000000000        1.2339293805123239     
   34.000000000000000       -34.000000000000000        32.766070619487678     
   34.000000000000000       -34.000000000000000        18.233929380512322     
   34.000000000000000       -34.000000000000000        49.766070619487678     
   34.000000000000000       -34.000000000000000        35.233929380512322     
   34.000000000000000       -17.000000000000000       -18.233929380512322     
   34.000000000000000       -17.000000000000000       -32.766070619487678     
   34.000000000000000       -17.000000000000000       -1.2339293805123241     
   34.000000000000000       -17.000000000000000       -15.766070619487676     
   34.000000000000000       -17.000000000000000        15.766070619487676     
   34.000000000000000       -17.000000000000000        1.2339293805123239     
   34.000000000000000       -17.000000000000000        32.766070619487678     
   34.000000000000000       -17.000000000000000        18.233929380512322     
   34.000000000000000       -17.000000000000000        49.766070619487678     
   34.000000000000000       -17.000000000000000        35.233929380512322     
   34.000000000000000        0.0000000000000000       -18.233929380512322     
   34.000000000000000        0.0000000000000000       -32.766070619487678     
   34.000000000000000        0.0000000000000000       -1.2339293805123241     
   34.000000000000000        0.0000000000000000       -15.766070619487676     
   34.000000000000000        0.0000000000000000        15.766070619487676     
   34.000000000000000        0.0000000000000000        1.2339293805123239     
   34.000000000000000        0.0000000000000000        32.766070619487678     
   34.000000000000000        0.0000000000000000        18.233929380512322     
   34.000000000000000        0.0000000000000000        49.766070619487678     
   34.000000000000000        0.0000000000000000        35.233929380512322     
   34.000000000000000        17.000000000000000       -18.233929380512322     
   34.000000000000000        17.000000000000000       -32.766070619487678     
   34.000000000000000        17.000000000000000       -1.2339293805123241     
   34.000000000000000        17.000000000000000       -15.766070619487676     
   34.000000000000000        17.000000000000000        15.766070619487676     
   34.000000000000000        17.000000000000000        1.2339293805123239     
   34.000000000000000        17.000000000000000        32.766070619487678     
   34.000000000000000        17.000000000000000        18.233929380512322     
   34.000000000000000        17.000000000000000        49.766070619487678     
   34.000000000000000        17.000000000000000        35.233929380512322     
   34.000000000000000        34.000000000000000       -18.233929380512322     
   34.000000000000000        34.000000000000000       -32.766070619487678     
   34.000000000000000        34.000000000000000       -1.2339293805123241     
   34.000000000000000        34.000000000000000       -15.766070619487676     
   34.000000000000000        34.000000000000000        15.766070619487676     
   34.000000000000000        34.000000000000000        1.2339293805123239     
   34.000000000000000        34.000000000000000        32.766070619487678     
   34.000000000000000        34.000000000000000        18.233929380512322     
   34.000000000000000        34.000000000000000        49.766070619487678     
   34.000000000000000        34.000000000000000        35.233929380512322     
           1           1   58.889727457341827     
           1           2   68.318143514295329     
           1           1   51.000000000000000     
           1           2   57.500225487511699     
           1           1   48.083261120685229     
           1           2   50.231296310064785     
           1           1   51.000000000000000     
           1           2   48.146550518851981     
           1           1   58.889727457341827     
           1           2   51.874825539361616     
           1           1   51.000000000000000     
           1           2   61.647130778648993     
           1           1   41.641325627314025     
           1           2   49.389026424041710     
           1           1   38.013155617496423     
           1           2   40.696229911252566     
           1           1   41.641325627314025     
           1           2   38.093179532094275     
           1           1   51.000000000000000     
           1           2   42.708284029438644     
           1           1   48.083261120685229     
           1           2   59.256803265446678     
           1           1   38.013155617496423     
           1           2   46.371067823748575     
           1           1   34.000000000000000     
           1           2   36.975439537475793     
           1           1   38.013155617496423     
           1           2   34.089445974734851     
           1           1   48.083261120685229     
           1           2   39.179044459241268     
           1           1   51.000000000000000     
           1           2   61.647130778648993     
           1           1   41.641325627314025     
           1           2   49.389026424041710     
           1           1   38.013155617496423     
           1           2   40.696229911252566     
           1           1   41.641325627314025     
           1           2   38.093179532094275     
           1           1   51.000000000000000     
           1           2   42.708284029438644     
           1           1   58.889727457341827     
           1           2   68.318143514295329     
           1           1   51.000000000000000     
           1           2   57.500225487511699     
           1           1   48.083261120685229     
           1           2   50.231296310064785     
           1           1   51.000000000000000     
           1           2   48.146550518851981     
           1           1   58.889727457341827     
           1           2   51.874825539361616     
           1           1   51.000000000000000     
           1           2   61.647130778648993     
           1           1   41.641325627314025     
           1           2   49.389026424041710     
           1           1   38.013155617496423     
           1           2   40.696229911252566     
           1           1   41.641325627314025     
           1           2   38.093179532094275     
           1           1   51.000000000000000     
           1           2   42.708284029438644     
           1           1   41.641325627314025     
           1           2   54.160582836965965     
           1           1   29.444863728670914     
           1           2   39.651934771391545     
           1           1   24.041630560342615     
           1           2   28.092403403580978     
           1           1   29.444863728670914     
           1           2   24.167960751051506     
           1           1   41.641325627314025     
           1           2   30.935376589581125     
           1           1   38.013155617496423     
           1           2   51.423425918931656     
           1           1   24.041630560342615     
           1           2   35.822840913510618     
           1           1   17.000000000000000     
           1           2   22.364774288812487     
           1           1   24.041630560342615     
           1           2   17.178193352747140     
           1           1   38.013155617496423     
           1           2   25.845648081238046     
           1           1   41.641325627314025     
           1           2   54.160582836965965     
           1           1   29.444863728670914     
           1           2   39.651934771391545     
           1           1   24.041630560342615     
           1           2   28.092403403580978     
           1           1   29.444863728670914     
           1           2   24.167960751051506     
           1           1   41.641325627314025     
           1           2   30.935376589581125     
           1           1   51.000000000000000     
           1           2   61.647130778648993     
           1           1   41.641325627314025     
           1           2   49.389026424041710     
           1           1   38.013155617496423     
           1           2   40.696229911252566     
           1           1   41.641325627314025     
           1           2   38.093179532094275     
           1           1   51.000000000000000     
           1           2   42.708284029438644     
           1           1   48.083261120685229     
           1           2   59.256803265446678     
           1           1   38.013155617496423     
           1           2   46.371067823748575     
           1           1   34.000000000000000     
           1           2   36.975439537475793     
           1           1   38.013155617496423     
           1           2   34.089445974734851     
           1           1   48.083261120685229     
           1           2   39.179044459241268     
           1           1   38.013155617496423     
           1           2   51.423425918931656     
           1           1   24.041630560342615     
           1           2   35.822840913510618     
           1           1   17.000000000000000     
           1           2   22.364774288812487     
           1           1   24.041630560342615     
           1           2   17.178193352747140     
           1           1   38.013155617496423     
           1           2   25.845648081238046     
           1           1   34.000000000000000     
           1           2   48.532141238975356     
           1           1   17.000000000000000     
           1           2   31.532141238975353     
           1           1   0.0000000000000000     
           1           2   14.532141238975353     
           1           1   17.000000000000000     
           1           2   2.4678587610246456     
           1           1   34.000000000000000     
           1           2   19.467858761024644     
           1           1   38.013155617496423     
           1           2   51.423425918931656     
           1           1   24.041630560342615     
           1           2   35.822840913510618     
           1           1   17.000000000000000     
           1           2   22.364774288812487     
           1           1   24.041630560342615     
           1           2   17.178193352747140     
           1           1   38.013155617496423     
           1           2   25.845648081238046     
           1           1   48.083261120685229     
           1           2   59.256803265446678     
           1           1   38.013155617496423     
           1           2   46.371067823748575     
           1           1   34.000000000000000     
           1           2   36.975439537475793     
           1           1   38.013155617496423     
           1           2   34.089445974734851     
           1           1   48.083261120685229     
           1           2   39.179044459241268     
           1           1   51.000000000000000     
           1           2   61.647130778648993     
           1           1   41.641325627314025     
           1           2   49.389026424041710     
           1           1   38.013155617496423     
           1           2   40.696229911252566     
           1           1   41.641325627314025     
           1           2   38.093179532094275     
           1           1   51.000000000000000     
           1           2   42.708284029438644     
           1           1   41.641325627314025     
           1           2   54.160582836965965     
           1           1   29.444863728670914     
           1           2   39.651934771391545     
           1           1   24.041630560342615     
           1           2   28.092403403580978     
           1           1   29.444863728670914     
           1           2   24.167960751051506     
           1           1   41.641325627314025     
           1           2   30.935376589581125     
           1           1   38.013155617496423     
           1           2   51.423425918931656     
           1           1   24.041630560342615     
           1           2   35.822840913510618     
           1           1   17.000000000000000     
           1           2   22.364774288812487     
           1           1   24.041630560342615     
           1           2   17.178193352747140     
           1           1   38.013155617496423     
           1           2   25.845648081238046     
           1           1   41.641325627314025     
           1           2   54.160582836965965     
           1           1   29.444863728670914     
           1           2   39.651934771391545     
           1           1   24.041630560342615     
           1           2   28.092403403580978     
           1           1   29.444863728670914     
           1           2   24.167960751051506     
           1           1   41.641325627314025     
           1           2   30.935376589581125     
           1           1   51.000000000000000     
           1           2   61.647130778648993     
           1           1   41.641325627314025     
           1           2   49.389026424041710     
           1           1   38.013155617496423     
           1           2   40.696229911252566     
           1           1   41.641325627314025     
           1           2   38.093179532094275     
           1           1   51.000000000000000     
           1           2   42.708284029438644     
           1           1   58.889727457341827     
           1           2   68.318143514295329     
           1           1   51.000000000000000     
           1           2   57.500225487511699     
           1           1   48.083261120685229     
           1           2   50.231296310064785     
           1           1   51.000000000000000     
           1           2   48.146550518851981     
           1           1   58.889727457341827     
           1           2   51.874825539361616     
           1           1   51.000000000000000     
           1           2   61.647130778648993     
           1           1   41.641325627314025     
           1           2   49.389026424041710     
           1           1   38.013155617496423     
           1           2   40.696229911252566     
           1           1   41.641325627314025     
           1           2   38.093179532094275     
           1           1   51.000000000000000     
           1           2   42.708284029438644     
           1           1   48.083261120685229     
           1           2   59.256803265446678     
           1           1   38.013155617496423     
           1           2   46.371067823748575     
           1           1   34.000000000000000     
           1           2   36.975439537475793     
           1           1   38.013155617496423     
           1           2   34.089445974734851     
           1           1   48.083261120685229     
           1           2   39.179044459241268     
           1           1   51.000000000000000     
           1           2   61.647130778648993     
           1           1   41.641325627314025     
           1           2   49.389026424041710     
           1           1   38.013155617496423     
           1           2   40.696229911252566     
           1           1   41.641325627314025     
           1           2   38.093179532094275     
           1           1   51.000000000000000     
           1           2   42.708284029438644     
           1           1   58.889727457341827     
           1           2   68.318143514295329     
           1           1   51.000000000000000     
           1           2   57.500225487511699     
           1           1   48.083261120685229     
           1           2   50.231296310064785     
           1           1   51.000000000000000     
           1           2   48.146550518851981     
           1           1   58.889727457341827     
           1           2   51.874825539361616     
           2           1   51.874825539361616     
           2           2   58.889727457341827     
           2           1   48.146550518851981     
           2           2   51.000000000000000     
           2           1   50.231296310064785     
           2           2   48.083261120685229     
           2           1   57.500225487511699     
           2           2   51.000000000000000     
           2           1   68.318143514295329     
           2           2   58.889727457341827     
           2           1   42.708284029438644     
           2           2   51.000000000000000     
           2           1   38.093179532094275     
           2           2   41.641325627314025     
           2           1   40.696229911252566     
           2           2   38.013155617496423     
           2           1   49.389026424041710     
           2           2   41.641325627314025     
           2           1   61.647130778648993     
           2           2   51.000000000000000     
           2           1   39.179044459241268     
           2           2   48.083261120685229     
           2           1   34.089445974734851     
           2           2   38.013155617496423     
           2           1   36.975439537475793     
           2           2   34.000000000000000     
           2           1   46.371067823748575     
           2           2   38.013155617496423     
           2           1   59.256803265446678     
           2           2   48.083261120685229     
           2           1   42.708284029438644     
           2           2   51.000000000000000     
           2           1   38.093179532094275     
           2           2   41.641325627314025     
           2           1   40.696229911252566     
           2           2   38.013155617496423     
           2           1   49.389026424041710     
           2           2   41.641325627314025     
           2           1   61.647130778648993     
           2           2   51.000000000000000     
           2           1   51.874825539361616     
           2           2   58.889727457341827     
           2           1   48.146550518851981     
           2           2   51.000000000000000     
           2           1   50.231296310064785     
           2           2   48.083261120685229     
           2           1   57.500225487511699     
           2           2   51.000000000000000     
           2           1   68.318143514295329     
           2           2   58.889727457341827     
           2           1   42.708284029438644     
           2           2   51.000000000000000     
           2           1   38.093179532094275     
           2           2   41.641325627314025     
           2           1   40.696229911252566     
           2           2   38.013155617496423     
           2           1   49.389026424041710     
           2           2   41.641325627314025     
           2           1   61.647130778648993     
           2           2   51.000000000000000     
           2           1   30.935376589581129     
           2           2   41.641325627314025     
           2           1   24.167960751051506     
           2           2   29.444863728670914     
           2           1   28.092403403580978     
           2           2   24.041630560342615     
           2           1   39.651934771391545     
           2           2   29.444863728670914     
           2           1   54.160582836965965     
           2           2   41.641325627314025     
           2           1   25.845648081238050     
           2           2   38.013155617496423     
           2           1   17.178193352747140     
           2           2   24.041630560342615     
           2           1   22.364774288812487     
           2           2   17.000000000000000     
           2           1   35.822840913510618     
           2           2   24.041630560342615     
           2           1   51.423425918931656     
           2           2   38.013155617496423     
           2           1   30.935376589581129     
           2           2   41.641325627314025     
           2           1   24.167960751051506     
           2           2   29.444863728670914     
           2           1   28.092403403580978     
           2           2   24.041630560342615     
           2           1   39.651934771391545     
           2           2   29.444863728670914     
           2           1   54.160582836965965     
           2           2   41.641325627314025     
           2           1   42.708284029438644     
           2           2   51.000000000000000     
           2           1   38.093179532094275     
           2           2   41.641325627314025     
           2           1   40.696229911252566     
           2           2   38.013155617496423     
           2           1   49.389026424041710     
           2           2   41.641325627314025     
           2           1   61.647130778648993     
           2           2   51.000000000000000     
           2           1   39.179044459241268     
           2           2   48.083261120685229     
           2           1   34.089445974734851     
           2           2   38.013155617496423     
           2           1   36.975439537475793     
           2           2   34.000000000000000     
           2           1   46.371067823748575     
           2           2   38.013155617496423     
           2           1   59.256803265446678     
           2           2   48.083261120685229     
           2           1   25.845648081238050     
           2           2   38.013155617496423     
           2           1   17.178193352747140     
           2           2   24.041630560342615     
           2           1   22.364774288812487     
           2           2   17.000000000000000     
           2           1   35.822840913510618     
           2           2   24.041630560342615     
           2           1   51.423425918931656     
           2           2   38.013155617496423     
           2           1   19.467858761024647     
           2           2   34.000000000000000     
           2           1   2.4678587610246483     
           2           2   17.000000000000000     
           2           1   14.532141238975353     
           2           2   0.0000000000000000     
           2           1   31.532141238975353     
           2           2   16.999999999999996     
           2           1   48.532141238975356     
           2           2   34.000000000000000     
           2           1   25.845648081238050     
           2           2   38.013155617496423     
           2           1   17.178193352747140     
           2           2   24.041630560342615     
           2           1   22.364774288812487     
           2           2   17.000000000000000     
           2           1   35.822840913510618     
           2           2   24.041630560342615     
           2           1   51.423425918931656     
           2           2   38.013155617496423     
           2           1   39.179044459241268     
           2           2   48.083261120685229     
           2           1   34.089445974734851     
           2           2   38.013155617496423     
           2           1   36.975439537475793     
           2           2   34.000000000000000     
           2           1   46.371067823748575     
           2           2   38.013155617496423     
           2           1   59.256803265446678     
           2           2   48.083261120685229     
           2           1   42.708284029438644     
           2           2   51.000000000000000     
           2           1   38.093179532094275     
           2           2   41.641325627314025     
           2           1   40.696229911252566     
           2           2   38.013155617496423     
           2           1   49.389026424041710     
           2           2   41.641325627314025     
           2           1   61.647130778648993     
           2           2   51.000000000000000     
           2           1   30.935376589581129     
           2           2   41.641325627314025     
           2           1   24.167960751051506     
           2           2   29.444863728670914     
           2           1   28.092403403580978     
           2           2   24.041630560342615     
           2           1   39.651934771391545     
           2           2   29.444863728670914     
           2           1   54.160582836965965     
           2           2   41.641325627314025     
           2           1   25.845648081238050     
           2           2   38.013155617496423     
           2           1   17.178193352747140     
           2           2   24.041630560342615     
           2           1   22.364774288812487     
           2           2   17.000000000000000     
           2           1   35.822840913510618     
           2           2   24.041630560342615     
           2           1   51.423425918931656     
           2           2   38.013155617496423     
           2           1   30.935376589581129     
           2           2   41.641325627314025     
           2           1   24.167960751051506     
           2           2   29.444863728670914     
           2           1   28.092403403580978     
           2           2   24.041630560342615     
           2           1   39.651934771391545     
           2           2   29.444863728670914     
           2           1   54.160582836965965     
           2           2   41.641325627314025     
           2           1   42.708284029438644     
           2           2   51.000000000000000     
           2           1   38.093179532094275     
           2           2   41.641325627314025     
           2           1   40.696229911252566     
           2           2   38.013155617496423     
           2           1   49.389026424041710     
           2           2   41.641325627314025     
           2           1   61.647130778648993     
           2           2   51.000000000000000     
           2           1   51.874825539361616     
           2           2   58.889727457341827     
           2           1   48.146550518851981     
           2           2   51.000000000000000     
           2           1   50.231296310064785     
           2           2   48.083261120685229     
           2           1   57.500225487511699     
           2           2   51.000000000000000     
           2           1   68.318143514295329     
           2           2   58.889727457341827     
           2           1   42.708284029438644     
           2           2   51.000000000000000     
           2           1   38.093179532094275     
           2           2   41.641325627314025     
           2           1   40.696229911252566     
           2           2   38.013155617496423     
           2           1   49.389026424041710     
           2           2   41.641325627314025     
           2           1   61.647130778648993     
           2           2   51.000000000000000     
           2           1   39.179044459241268     
           2           2   48.083261120685229     
           2           1   34.089445974734851     
           2           2   38.013155617496423     
           2           1   36.975439537475793     
           2           2   34.000000000000000     
           2           1   46.371067823748575     
           2           2   38.013155617496423     
           2           1   59.256803265446678     
           2           2   48.083261120685229     
           2           1   42.708284029438644     
           2           2   51.000000000000000     
           2           1   38.093179532094275     
           2           2   41.641325627314025     
           2           1   40.696229911252566     
           2           2   38.013155617496423     
           2           1   49.389026424041710     
           2           2   41.641325627314025     
           2           1   61.647130778648993     
           2           2   51.000000000000000     
           2           1   51.874825539361616     
           2           2   58.889727457341827     
           2           1   48.146550518851981     
           2           2   51.000000000000000     
           2           1   50.231296310064785     
           2           2   48.083261120685229     
           2           1   57.500225487511699     
           2           2   51.000000000000000     
           2           1   68.318143514295329     
           2           2   58.889727457341827     
   1   2  2.4679
   2   1  2.4679
