           2
  0.0000000000000000 -0.0000000000000000  0.8965735859840611
 -0.0000000000000000  0.0000000000000000  0.1034264140159388
           1           1  -2.0000000000000000       -2.0000000000000000       -1.1034264140159389     
           2           2  -2.0000000000000000       -2.0000000000000000       -1.8965735859840611     
           3           1  -2.0000000000000000       -2.0000000000000000      -0.10342641401593888     
           4           2  -2.0000000000000000       -2.0000000000000000      -0.89657358598406123     
           5           1  -2.0000000000000000       -2.0000000000000000       0.89657358598406112     
           6           2  -2.0000000000000000       -2.0000000000000000       0.10342641401593880     
           7           1  -2.0000000000000000       -2.0000000000000000        1.8965735859840611     
           8           2  -2.0000000000000000       -2.0000000000000000        1.1034264140159389     
           9           1  -2.0000000000000000       -2.0000000000000000        2.8965735859840613     
          10           2  -2.0000000000000000       -2.0000000000000000        2.1034264140159387     
          11           1  -2.0000000000000000       -1.0000000000000000       -1.1034264140159389     
          12           2  -2.0000000000000000       -1.0000000000000000       -1.8965735859840611     
          13           1  -2.0000000000000000       -1.0000000000000000      -0.10342641401593888     
          14           2  -2.0000000000000000       -1.0000000000000000      -0.89657358598406123     
          15           1  -2.0000000000000000       -1.0000000000000000       0.89657358598406112     
          16           2  -2.0000000000000000       -1.0000000000000000       0.10342641401593880     
          17           1  -2.0000000000000000       -1.0000000000000000        1.8965735859840611     
          18           2  -2.0000000000000000       -1.0000000000000000        1.1034264140159389     
          19           1  -2.0000000000000000       -1.0000000000000000        2.8965735859840613     
          20           2  -2.0000000000000000       -1.0000000000000000        2.1034264140159387     
          21           1  -2.0000000000000000        0.0000000000000000       -1.1034264140159389     
          22           2  -2.0000000000000000        0.0000000000000000       -1.8965735859840611     
          23           1  -2.0000000000000000        0.0000000000000000      -0.10342641401593888     
          24           2  -2.0000000000000000        0.0000000000000000      -0.89657358598406123     
          25           1  -2.0000000000000000        0.0000000000000000       0.89657358598406112     
          26           2  -2.0000000000000000        0.0000000000000000       0.10342641401593880     
          27           1  -2.0000000000000000        0.0000000000000000        1.8965735859840611     
          28           2  -2.0000000000000000        0.0000000000000000        1.1034264140159389     
          29           1  -2.0000000000000000        0.0000000000000000        2.8965735859840613     
          30           2  -2.0000000000000000        0.0000000000000000        2.1034264140159387     
          31           1  -2.0000000000000000        1.0000000000000000       -1.1034264140159389     
          32           2  -2.0000000000000000        1.0000000000000000       -1.8965735859840611     
          33           1  -2.0000000000000000        1.0000000000000000      -0.10342641401593888     
          34           2  -2.0000000000000000        1.0000000000000000      -0.89657358598406123     
          35           1  -2.0000000000000000        1.0000000000000000       0.89657358598406112     
          36           2  -2.0000000000000000        1.0000000000000000       0.10342641401593880     
          37           1  -2.0000000000000000        1.0000000000000000        1.8965735859840611     
          38           2  -2.0000000000000000        1.0000000000000000        1.1034264140159389     
          39           1  -2.0000000000000000        1.0000000000000000        2.8965735859840613     
          40           2  -2.0000000000000000        1.0000000000000000        2.1034264140159387     
          41           1  -2.0000000000000000        2.0000000000000000       -1.1034264140159389     
          42           2  -2.0000000000000000        2.0000000000000000       -1.8965735859840611     
          43           1  -2.0000000000000000        2.0000000000000000      -0.10342641401593888     
          44           2  -2.0000000000000000        2.0000000000000000      -0.89657358598406123     
          45           1  -2.0000000000000000        2.0000000000000000       0.89657358598406112     
          46           2  -2.0000000000000000        2.0000000000000000       0.10342641401593880     
          47           1  -2.0000000000000000        2.0000000000000000        1.8965735859840611     
          48           2  -2.0000000000000000        2.0000000000000000        1.1034264140159389     
          49           1  -2.0000000000000000        2.0000000000000000        2.8965735859840613     
          50           2  -2.0000000000000000        2.0000000000000000        2.1034264140159387     
          51           1  -1.0000000000000000       -2.0000000000000000       -1.1034264140159389     
          52           2  -1.0000000000000000       -2.0000000000000000       -1.8965735859840611     
          53           1  -1.0000000000000000       -2.0000000000000000      -0.10342641401593888     
          54           2  -1.0000000000000000       -2.0000000000000000      -0.89657358598406123     
          55           1  -1.0000000000000000       -2.0000000000000000       0.89657358598406112     
          56           2  -1.0000000000000000       -2.0000000000000000       0.10342641401593880     
          57           1  -1.0000000000000000       -2.0000000000000000        1.8965735859840611     
          58           2  -1.0000000000000000       -2.0000000000000000        1.1034264140159389     
          59           1  -1.0000000000000000       -2.0000000000000000        2.8965735859840613     
          60           2  -1.0000000000000000       -2.0000000000000000        2.1034264140159387     
          61           1  -1.0000000000000000       -1.0000000000000000       -1.1034264140159389     
          62           2  -1.0000000000000000       -1.0000000000000000       -1.8965735859840611     
          63           1  -1.0000000000000000       -1.0000000000000000      -0.10342641401593888     
          64           2  -1.0000000000000000       -1.0000000000000000      -0.89657358598406123     
          65           1  -1.0000000000000000       -1.0000000000000000       0.89657358598406112     
          66           2  -1.0000000000000000       -1.0000000000000000       0.10342641401593880     
          67           1  -1.0000000000000000       -1.0000000000000000        1.8965735859840611     
          68           2  -1.0000000000000000       -1.0000000000000000        1.1034264140159389     
          69           1  -1.0000000000000000       -1.0000000000000000        2.8965735859840613     
          70           2  -1.0000000000000000       -1.0000000000000000        2.1034264140159387     
          71           1  -1.0000000000000000        0.0000000000000000       -1.1034264140159389     
          72           2  -1.0000000000000000        0.0000000000000000       -1.8965735859840611     
          73           1  -1.0000000000000000        0.0000000000000000      -0.10342641401593888     
          74           2  -1.0000000000000000        0.0000000000000000      -0.89657358598406123     
          75           1  -1.0000000000000000        0.0000000000000000       0.89657358598406112     
          76           2  -1.0000000000000000        0.0000000000000000       0.10342641401593880     
          77           1  -1.0000000000000000        0.0000000000000000        1.8965735859840611     
          78           2  -1.0000000000000000        0.0000000000000000        1.1034264140159389     
          79           1  -1.0000000000000000        0.0000000000000000        2.8965735859840613     
          80           2  -1.0000000000000000        0.0000000000000000        2.1034264140159387     
          81           1  -1.0000000000000000        1.0000000000000000       -1.1034264140159389     
          82           2  -1.0000000000000000        1.0000000000000000       -1.8965735859840611     
          83           1  -1.0000000000000000        1.0000000000000000      -0.10342641401593888     
          84           2  -1.0000000000000000        1.0000000000000000      -0.89657358598406123     
          85           1  -1.0000000000000000        1.0000000000000000       0.89657358598406112     
          86           2  -1.0000000000000000        1.0000000000000000       0.10342641401593880     
          87           1  -1.0000000000000000        1.0000000000000000        1.8965735859840611     
          88           2  -1.0000000000000000        1.0000000000000000        1.1034264140159389     
          89           1  -1.0000000000000000        1.0000000000000000        2.8965735859840613     
          90           2  -1.0000000000000000        1.0000000000000000        2.1034264140159387     
          91           1  -1.0000000000000000        2.0000000000000000       -1.1034264140159389     
          92           2  -1.0000000000000000        2.0000000000000000       -1.8965735859840611     
          93           1  -1.0000000000000000        2.0000000000000000      -0.10342641401593888     
          94           2  -1.0000000000000000        2.0000000000000000      -0.89657358598406123     
          95           1  -1.0000000000000000        2.0000000000000000       0.89657358598406112     
          96           2  -1.0000000000000000        2.0000000000000000       0.10342641401593880     
          97           1  -1.0000000000000000        2.0000000000000000        1.8965735859840611     
          98           2  -1.0000000000000000        2.0000000000000000        1.1034264140159389     
          99           1  -1.0000000000000000        2.0000000000000000        2.8965735859840613     
         100           2  -1.0000000000000000        2.0000000000000000        2.1034264140159387     
         101           1   0.0000000000000000       -2.0000000000000000       -1.1034264140159389     
         102           2   0.0000000000000000       -2.0000000000000000       -1.8965735859840611     
         103           1   0.0000000000000000       -2.0000000000000000      -0.10342641401593888     
         104           2   0.0000000000000000       -2.0000000000000000      -0.89657358598406123     
         105           1   0.0000000000000000       -2.0000000000000000       0.89657358598406112     
         106           2   0.0000000000000000       -2.0000000000000000       0.10342641401593880     
         107           1   0.0000000000000000       -2.0000000000000000        1.8965735859840611     
         108           2   0.0000000000000000       -2.0000000000000000        1.1034264140159389     
         109           1   0.0000000000000000       -2.0000000000000000        2.8965735859840613     
         110           2   0.0000000000000000       -2.0000000000000000        2.1034264140159387     
         111           1   0.0000000000000000       -1.0000000000000000       -1.1034264140159389     
         112           2   0.0000000000000000       -1.0000000000000000       -1.8965735859840611     
         113           1   0.0000000000000000       -1.0000000000000000      -0.10342641401593888     
         114           2   0.0000000000000000       -1.0000000000000000      -0.89657358598406123     
         115           1   0.0000000000000000       -1.0000000000000000       0.89657358598406112     
         116           2   0.0000000000000000       -1.0000000000000000       0.10342641401593880     
         117           1   0.0000000000000000       -1.0000000000000000        1.8965735859840611     
         118           2   0.0000000000000000       -1.0000000000000000        1.1034264140159389     
         119           1   0.0000000000000000       -1.0000000000000000        2.8965735859840613     
         120           2   0.0000000000000000       -1.0000000000000000        2.1034264140159387     
         121           1   0.0000000000000000        0.0000000000000000       -1.1034264140159389     
         122           2   0.0000000000000000        0.0000000000000000       -1.8965735859840611     
         123           1   0.0000000000000000        0.0000000000000000      -0.10342641401593888     
         124           2   0.0000000000000000        0.0000000000000000      -0.89657358598406123     
         125           1   0.0000000000000000        0.0000000000000000       0.89657358598406112     
         126           2   0.0000000000000000        0.0000000000000000       0.10342641401593880     
         127           1   0.0000000000000000        0.0000000000000000        1.8965735859840611     
         128           2   0.0000000000000000        0.0000000000000000        1.1034264140159389     
         129           1   0.0000000000000000        0.0000000000000000        2.8965735859840613     
         130           2   0.0000000000000000        0.0000000000000000        2.1034264140159387     
         131           1   0.0000000000000000        1.0000000000000000       -1.1034264140159389     
         132           2   0.0000000000000000        1.0000000000000000       -1.8965735859840611     
         133           1   0.0000000000000000        1.0000000000000000      -0.10342641401593888     
         134           2   0.0000000000000000        1.0000000000000000      -0.89657358598406123     
         135           1   0.0000000000000000        1.0000000000000000       0.89657358598406112     
         136           2   0.0000000000000000        1.0000000000000000       0.10342641401593880     
         137           1   0.0000000000000000        1.0000000000000000        1.8965735859840611     
         138           2   0.0000000000000000        1.0000000000000000        1.1034264140159389     
         139           1   0.0000000000000000        1.0000000000000000        2.8965735859840613     
         140           2   0.0000000000000000        1.0000000000000000        2.1034264140159387     
         141           1   0.0000000000000000        2.0000000000000000       -1.1034264140159389     
         142           2   0.0000000000000000        2.0000000000000000       -1.8965735859840611     
         143           1   0.0000000000000000        2.0000000000000000      -0.10342641401593888     
         144           2   0.0000000000000000        2.0000000000000000      -0.89657358598406123     
         145           1   0.0000000000000000        2.0000000000000000       0.89657358598406112     
         146           2   0.0000000000000000        2.0000000000000000       0.10342641401593880     
         147           1   0.0000000000000000        2.0000000000000000        1.8965735859840611     
         148           2   0.0000000000000000        2.0000000000000000        1.1034264140159389     
         149           1   0.0000000000000000        2.0000000000000000        2.8965735859840613     
         150           2   0.0000000000000000        2.0000000000000000        2.1034264140159387     
         151           1   1.0000000000000000       -2.0000000000000000       -1.1034264140159389     
         152           2   1.0000000000000000       -2.0000000000000000       -1.8965735859840611     
         153           1   1.0000000000000000       -2.0000000000000000      -0.10342641401593888     
         154           2   1.0000000000000000       -2.0000000000000000      -0.89657358598406123     
         155           1   1.0000000000000000       -2.0000000000000000       0.89657358598406112     
         156           2   1.0000000000000000       -2.0000000000000000       0.10342641401593880     
         157           1   1.0000000000000000       -2.0000000000000000        1.8965735859840611     
         158           2   1.0000000000000000       -2.0000000000000000        1.1034264140159389     
         159           1   1.0000000000000000       -2.0000000000000000        2.8965735859840613     
         160           2   1.0000000000000000       -2.0000000000000000        2.1034264140159387     
         161           1   1.0000000000000000       -1.0000000000000000       -1.1034264140159389     
         162           2   1.0000000000000000       -1.0000000000000000       -1.8965735859840611     
         163           1   1.0000000000000000       -1.0000000000000000      -0.10342641401593888     
         164           2   1.0000000000000000       -1.0000000000000000      -0.89657358598406123     
         165           1   1.0000000000000000       -1.0000000000000000       0.89657358598406112     
         166           2   1.0000000000000000       -1.0000000000000000       0.10342641401593880     
         167           1   1.0000000000000000       -1.0000000000000000        1.8965735859840611     
         168           2   1.0000000000000000       -1.0000000000000000        1.1034264140159389     
         169           1   1.0000000000000000       -1.0000000000000000        2.8965735859840613     
         170           2   1.0000000000000000       -1.0000000000000000        2.1034264140159387     
         171           1   1.0000000000000000        0.0000000000000000       -1.1034264140159389     
         172           2   1.0000000000000000        0.0000000000000000       -1.8965735859840611     
         173           1   1.0000000000000000        0.0000000000000000      -0.10342641401593888     
         174           2   1.0000000000000000        0.0000000000000000      -0.89657358598406123     
         175           1   1.0000000000000000        0.0000000000000000       0.89657358598406112     
         176           2   1.0000000000000000        0.0000000000000000       0.10342641401593880     
         177           1   1.0000000000000000        0.0000000000000000        1.8965735859840611     
         178           2   1.0000000000000000        0.0000000000000000        1.1034264140159389     
         179           1   1.0000000000000000        0.0000000000000000        2.8965735859840613     
         180           2   1.0000000000000000        0.0000000000000000        2.1034264140159387     
         181           1   1.0000000000000000        1.0000000000000000       -1.1034264140159389     
         182           2   1.0000000000000000        1.0000000000000000       -1.8965735859840611     
         183           1   1.0000000000000000        1.0000000000000000      -0.10342641401593888     
         184           2   1.0000000000000000        1.0000000000000000      -0.89657358598406123     
         185           1   1.0000000000000000        1.0000000000000000       0.89657358598406112     
         186           2   1.0000000000000000        1.0000000000000000       0.10342641401593880     
         187           1   1.0000000000000000        1.0000000000000000        1.8965735859840611     
         188           2   1.0000000000000000        1.0000000000000000        1.1034264140159389     
         189           1   1.0000000000000000        1.0000000000000000        2.8965735859840613     
         190           2   1.0000000000000000        1.0000000000000000        2.1034264140159387     
         191           1   1.0000000000000000        2.0000000000000000       -1.1034264140159389     
         192           2   1.0000000000000000        2.0000000000000000       -1.8965735859840611     
         193           1   1.0000000000000000        2.0000000000000000      -0.10342641401593888     
         194           2   1.0000000000000000        2.0000000000000000      -0.89657358598406123     
         195           1   1.0000000000000000        2.0000000000000000       0.89657358598406112     
         196           2   1.0000000000000000        2.0000000000000000       0.10342641401593880     
         197           1   1.0000000000000000        2.0000000000000000        1.8965735859840611     
         198           2   1.0000000000000000        2.0000000000000000        1.1034264140159389     
         199           1   1.0000000000000000        2.0000000000000000        2.8965735859840613     
         200           2   1.0000000000000000        2.0000000000000000        2.1034264140159387     
         201           1   2.0000000000000000       -2.0000000000000000       -1.1034264140159389     
         202           2   2.0000000000000000       -2.0000000000000000       -1.8965735859840611     
         203           1   2.0000000000000000       -2.0000000000000000      -0.10342641401593888     
         204           2   2.0000000000000000       -2.0000000000000000      -0.89657358598406123     
         205           1   2.0000000000000000       -2.0000000000000000       0.89657358598406112     
         206           2   2.0000000000000000       -2.0000000000000000       0.10342641401593880     
         207           1   2.0000000000000000       -2.0000000000000000        1.8965735859840611     
         208           2   2.0000000000000000       -2.0000000000000000        1.1034264140159389     
         209           1   2.0000000000000000       -2.0000000000000000        2.8965735859840613     
         210           2   2.0000000000000000       -2.0000000000000000        2.1034264140159387     
         211           1   2.0000000000000000       -1.0000000000000000       -1.1034264140159389     
         212           2   2.0000000000000000       -1.0000000000000000       -1.8965735859840611     
         213           1   2.0000000000000000       -1.0000000000000000      -0.10342641401593888     
         214           2   2.0000000000000000       -1.0000000000000000      -0.89657358598406123     
         215           1   2.0000000000000000       -1.0000000000000000       0.89657358598406112     
         216           2   2.0000000000000000       -1.0000000000000000       0.10342641401593880     
         217           1   2.0000000000000000       -1.0000000000000000        1.8965735859840611     
         218           2   2.0000000000000000       -1.0000000000000000        1.1034264140159389     
         219           1   2.0000000000000000       -1.0000000000000000        2.8965735859840613     
         220           2   2.0000000000000000       -1.0000000000000000        2.1034264140159387     
         221           1   2.0000000000000000        0.0000000000000000       -1.1034264140159389     
         222           2   2.0000000000000000        0.0000000000000000       -1.8965735859840611     
         223           1   2.0000000000000000        0.0000000000000000      -0.10342641401593888     
         224           2   2.0000000000000000        0.0000000000000000      -0.89657358598406123     
         225           1   2.0000000000000000        0.0000000000000000       0.89657358598406112     
         226           2   2.0000000000000000        0.0000000000000000       0.10342641401593880     
         227           1   2.0000000000000000        0.0000000000000000        1.8965735859840611     
         228           2   2.0000000000000000        0.0000000000000000        1.1034264140159389     
         229           1   2.0000000000000000        0.0000000000000000        2.8965735859840613     
         230           2   2.0000000000000000        0.0000000000000000        2.1034264140159387     
         231           1   2.0000000000000000        1.0000000000000000       -1.1034264140159389     
         232           2   2.0000000000000000        1.0000000000000000       -1.8965735859840611     
         233           1   2.0000000000000000        1.0000000000000000      -0.10342641401593888     
         234           2   2.0000000000000000        1.0000000000000000      -0.89657358598406123     
         235           1   2.0000000000000000        1.0000000000000000       0.89657358598406112     
         236           2   2.0000000000000000        1.0000000000000000       0.10342641401593880     
         237           1   2.0000000000000000        1.0000000000000000        1.8965735859840611     
         238           2   2.0000000000000000        1.0000000000000000        1.1034264140159389     
         239           1   2.0000000000000000        1.0000000000000000        2.8965735859840613     
         240           2   2.0000000000000000        1.0000000000000000        2.1034264140159387     
         241           1   2.0000000000000000        2.0000000000000000       -1.1034264140159389     
         242           2   2.0000000000000000        2.0000000000000000       -1.8965735859840611     
         243           1   2.0000000000000000        2.0000000000000000      -0.10342641401593888     
         244           2   2.0000000000000000        2.0000000000000000      -0.89657358598406123     
         245           1   2.0000000000000000        2.0000000000000000       0.89657358598406112     
         246           2   2.0000000000000000        2.0000000000000000       0.10342641401593880     
         247           1   2.0000000000000000        2.0000000000000000        1.8965735859840611     
         248           2   2.0000000000000000        2.0000000000000000        1.1034264140159389     
         249           1   2.0000000000000000        2.0000000000000000        2.8965735859840613     
         250           2   2.0000000000000000        2.0000000000000000        2.1034264140159387     
         250
   0.0000000000000000        0.0000000000000000        15.241750961729039     
   0.0000000000000000        0.0000000000000000        1.7582490382709597     
  -34.000000000000000       -34.000000000000000       -18.758249038270961     
  -34.000000000000000       -34.000000000000000       -32.241750961729039     
  -34.000000000000000       -34.000000000000000       -1.7582490382709610     
  -34.000000000000000       -34.000000000000000       -15.241750961729041     
  -34.000000000000000       -34.000000000000000        15.241750961729039     
  -34.000000000000000       -34.000000000000000        1.7582490382709597     
  -34.000000000000000       -34.000000000000000        32.241750961729039     
  -34.000000000000000       -34.000000000000000        18.758249038270961     
  -34.000000000000000       -34.000000000000000        49.241750961729039     
  -34.000000000000000       -34.000000000000000        35.758249038270961     
  -34.000000000000000       -17.000000000000000       -18.758249038270961     
  -34.000000000000000       -17.000000000000000       -32.241750961729039     
  -34.000000000000000       -17.000000000000000       -1.7582490382709610     
  -34.000000000000000       -17.000000000000000       -15.241750961729041     
  -34.000000000000000       -17.000000000000000        15.241750961729039     
  -34.000000000000000       -17.000000000000000        1.7582490382709597     
  -34.000000000000000       -17.000000000000000        32.241750961729039     
  -34.000000000000000       -17.000000000000000        18.758249038270961     
  -34.000000000000000       -17.000000000000000        49.241750961729039     
  -34.000000000000000       -17.000000000000000        35.758249038270961     
  -34.000000000000000        0.0000000000000000       -18.758249038270961     
  -34.000000000000000        0.0000000000000000       -32.241750961729039     
  -34.000000000000000        0.0000000000000000       -1.7582490382709610     
  -34.000000000000000        0.0000000000000000       -15.241750961729041     
  -34.000000000000000        0.0000000000000000        15.241750961729039     
  -34.000000000000000        0.0000000000000000        1.7582490382709597     
  -34.000000000000000        0.0000000000000000        32.241750961729039     
  -34.000000000000000        0.0000000000000000        18.758249038270961     
  -34.000000000000000        0.0000000000000000        49.241750961729039     
  -34.000000000000000        0.0000000000000000        35.758249038270961     
  -34.000000000000000        17.000000000000000       -18.758249038270961     
  -34.000000000000000        17.000000000000000       -32.241750961729039     
  -34.000000000000000        17.000000000000000       -1.7582490382709610     
  -34.000000000000000        17.000000000000000       -15.241750961729041     
  -34.000000000000000        17.000000000000000        15.241750961729039     
  -34.000000000000000        17.000000000000000        1.7582490382709597     
  -34.000000000000000        17.000000000000000        32.241750961729039     
  -34.000000000000000        17.000000000000000        18.758249038270961     
  -34.000000000000000        17.000000000000000        49.241750961729039     
  -34.000000000000000        17.000000000000000        35.758249038270961     
  -34.000000000000000        34.000000000000000       -18.758249038270961     
  -34.000000000000000        34.000000000000000       -32.241750961729039     
  -34.000000000000000        34.000000000000000       -1.7582490382709610     
  -34.000000000000000        34.000000000000000       -15.241750961729041     
  -34.000000000000000        34.000000000000000        15.241750961729039     
  -34.000000000000000        34.000000000000000        1.7582490382709597     
  -34.000000000000000        34.000000000000000        32.241750961729039     
  -34.000000000000000        34.000000000000000        18.758249038270961     
  -34.000000000000000        34.000000000000000        49.241750961729039     
  -34.000000000000000        34.000000000000000        35.758249038270961     
  -17.000000000000000       -34.000000000000000       -18.758249038270961     
  -17.000000000000000       -34.000000000000000       -32.241750961729039     
  -17.000000000000000       -34.000000000000000       -1.7582490382709610     
  -17.000000000000000       -34.000000000000000       -15.241750961729041     
  -17.000000000000000       -34.000000000000000        15.241750961729039     
  -17.000000000000000       -34.000000000000000        1.7582490382709597     
  -17.000000000000000       -34.000000000000000        32.241750961729039     
  -17.000000000000000       -34.000000000000000        18.758249038270961     
  -17.000000000000000       -34.000000000000000        49.241750961729039     
  -17.000000000000000       -34.000000000000000        35.758249038270961     
  -17.000000000000000       -17.000000000000000       -18.758249038270961     
  -17.000000000000000       -17.000000000000000       -32.241750961729039     
  -17.000000000000000       -17.000000000000000       -1.7582490382709610     
  -17.000000000000000       -17.000000000000000       -15.241750961729041     
  -17.000000000000000       -17.000000000000000        15.241750961729039     
  -17.000000000000000       -17.000000000000000        1.7582490382709597     
  -17.000000000000000       -17.000000000000000        32.241750961729039     
  -17.000000000000000       -17.000000000000000        18.758249038270961     
  -17.000000000000000       -17.000000000000000        49.241750961729039     
  -17.000000000000000       -17.000000000000000        35.758249038270961     
  -17.000000000000000        0.0000000000000000       -18.758249038270961     
  -17.000000000000000        0.0000000000000000       -32.241750961729039     
  -17.000000000000000        0.0000000000000000       -1.7582490382709610     
  -17.000000000000000        0.0000000000000000       -15.241750961729041     
  -17.000000000000000        0.0000000000000000        15.241750961729039     
  -17.000000000000000        0.0000000000000000        1.7582490382709597     
  -17.000000000000000        0.0000000000000000        32.241750961729039     
  -17.000000000000000        0.0000000000000000        18.758249038270961     
  -17.000000000000000        0.0000000000000000        49.241750961729039     
  -17.000000000000000        0.0000000000000000        35.758249038270961     
  -17.000000000000000        17.000000000000000       -18.758249038270961     
  -17.000000000000000        17.000000000000000       -32.241750961729039     
  -17.000000000000000        17.000000000000000       -1.7582490382709610     
  -17.000000000000000        17.000000000000000       -15.241750961729041     
  -17.000000000000000        17.000000000000000        15.241750961729039     
  -17.000000000000000        17.000000000000000        1.7582490382709597     
  -17.000000000000000        17.000000000000000        32.241750961729039     
  -17.000000000000000        17.000000000000000        18.758249038270961     
  -17.000000000000000        17.000000000000000        49.241750961729039     
  -17.000000000000000        17.000000000000000        35.758249038270961     
  -17.000000000000000        34.000000000000000       -18.758249038270961     
  -17.000000000000000        34.000000000000000       -32.241750961729039     
  -17.000000000000000        34.000000000000000       -1.7582490382709610     
  -17.000000000000000        34.000000000000000       -15.241750961729041     
  -17.000000000000000        34.000000000000000        15.241750961729039     
  -17.000000000000000        34.000000000000000        1.7582490382709597     
  -17.000000000000000        34.000000000000000        32.241750961729039     
  -17.000000000000000        34.000000000000000        18.758249038270961     
  -17.000000000000000        34.000000000000000        49.241750961729039     
  -17.000000000000000        34.000000000000000        35.758249038270961     
   0.0000000000000000       -34.000000000000000       -18.758249038270961     
   0.0000000000000000       -34.000000000000000       -32.241750961729039     
   0.0000000000000000       -34.000000000000000       -1.7582490382709610     
   0.0000000000000000       -34.000000000000000       -15.241750961729041     
   0.0000000000000000       -34.000000000000000        15.241750961729039     
   0.0000000000000000       -34.000000000000000        1.7582490382709597     
   0.0000000000000000       -34.000000000000000        32.241750961729039     
   0.0000000000000000       -34.000000000000000        18.758249038270961     
   0.0000000000000000       -34.000000000000000        49.241750961729039     
   0.0000000000000000       -34.000000000000000        35.758249038270961     
   0.0000000000000000       -17.000000000000000       -18.758249038270961     
   0.0000000000000000       -17.000000000000000       -32.241750961729039     
   0.0000000000000000       -17.000000000000000       -1.7582490382709610     
   0.0000000000000000       -17.000000000000000       -15.241750961729041     
   0.0000000000000000       -17.000000000000000        15.241750961729039     
   0.0000000000000000       -17.000000000000000        1.7582490382709597     
   0.0000000000000000       -17.000000000000000        32.241750961729039     
   0.0000000000000000       -17.000000000000000        18.758249038270961     
   0.0000000000000000       -17.000000000000000        49.241750961729039     
   0.0000000000000000       -17.000000000000000        35.758249038270961     
   0.0000000000000000        0.0000000000000000       -18.758249038270961     
   0.0000000000000000        0.0000000000000000       -32.241750961729039     
   0.0000000000000000        0.0000000000000000       -1.7582490382709610     
   0.0000000000000000        0.0000000000000000       -15.241750961729041     
   0.0000000000000000        0.0000000000000000        15.241750961729039     
   0.0000000000000000        0.0000000000000000        1.7582490382709597     
   0.0000000000000000        0.0000000000000000        32.241750961729039     
   0.0000000000000000        0.0000000000000000        18.758249038270961     
   0.0000000000000000        0.0000000000000000        49.241750961729039     
   0.0000000000000000        0.0000000000000000        35.758249038270961     
   0.0000000000000000        17.000000000000000       -18.758249038270961     
   0.0000000000000000        17.000000000000000       -32.241750961729039     
   0.0000000000000000        17.000000000000000       -1.7582490382709610     
   0.0000000000000000        17.000000000000000       -15.241750961729041     
   0.0000000000000000        17.000000000000000        15.241750961729039     
   0.0000000000000000        17.000000000000000        1.7582490382709597     
   0.0000000000000000        17.000000000000000        32.241750961729039     
   0.0000000000000000        17.000000000000000        18.758249038270961     
   0.0000000000000000        17.000000000000000        49.241750961729039     
   0.0000000000000000        17.000000000000000        35.758249038270961     
   0.0000000000000000        34.000000000000000       -18.758249038270961     
   0.0000000000000000        34.000000000000000       -32.241750961729039     
   0.0000000000000000        34.000000000000000       -1.7582490382709610     
   0.0000000000000000        34.000000000000000       -15.241750961729041     
   0.0000000000000000        34.000000000000000        15.241750961729039     
   0.0000000000000000        34.000000000000000        1.7582490382709597     
   0.0000000000000000        34.000000000000000        32.241750961729039     
   0.0000000000000000        34.000000000000000        18.758249038270961     
   0.0000000000000000        34.000000000000000        49.241750961729039     
   0.0000000000000000        34.000000000000000        35.758249038270961     
   17.000000000000000       -34.000000000000000       -18.758249038270961     
   17.000000000000000       -34.000000000000000       -32.241750961729039     
   17.000000000000000       -34.000000000000000       -1.7582490382709610     
   17.000000000000000       -34.000000000000000       -15.241750961729041     
   17.000000000000000       -34.000000000000000        15.241750961729039     
   17.000000000000000       -34.000000000000000        1.7582490382709597     
   17.000000000000000       -34.000000000000000        32.241750961729039     
   17.000000000000000       -34.000000000000000        18.758249038270961     
   17.000000000000000       -34.000000000000000        49.241750961729039     
   17.000000000000000       -34.000000000000000        35.758249038270961     
   17.000000000000000       -17.000000000000000       -18.758249038270961     
   17.000000000000000       -17.000000000000000       -32.241750961729039     
   17.000000000000000       -17.000000000000000       -1.7582490382709610     
   17.000000000000000       -17.000000000000000       -15.241750961729041     
   17.000000000000000       -17.000000000000000        15.241750961729039     
   17.000000000000000       -17.000000000000000        1.7582490382709597     
   17.000000000000000       -17.000000000000000        32.241750961729039     
   17.000000000000000       -17.000000000000000        18.758249038270961     
   17.000000000000000       -17.000000000000000        49.241750961729039     
   17.000000000000000       -17.000000000000000        35.758249038270961     
   17.000000000000000        0.0000000000000000       -18.758249038270961     
   17.000000000000000        0.0000000000000000       -32.241750961729039     
   17.000000000000000        0.0000000000000000       -1.7582490382709610     
   17.000000000000000        0.0000000000000000       -15.241750961729041     
   17.000000000000000        0.0000000000000000        15.241750961729039     
   17.000000000000000        0.0000000000000000        1.7582490382709597     
   17.000000000000000        0.0000000000000000        32.241750961729039     
   17.000000000000000        0.0000000000000000        18.758249038270961     
   17.000000000000000        0.0000000000000000        49.241750961729039     
   17.000000000000000        0.0000000000000000        35.758249038270961     
   17.000000000000000        17.000000000000000       -18.758249038270961     
   17.000000000000000        17.000000000000000       -32.241750961729039     
   17.000000000000000        17.000000000000000       -1.7582490382709610     
   17.000000000000000        17.000000000000000       -15.241750961729041     
   17.000000000000000        17.000000000000000        15.241750961729039     
   17.000000000000000        17.000000000000000        1.7582490382709597     
   17.000000000000000        17.000000000000000        32.241750961729039     
   17.000000000000000        17.000000000000000        18.758249038270961     
   17.000000000000000        17.000000000000000        49.241750961729039     
   17.000000000000000        17.000000000000000        35.758249038270961     
   17.000000000000000        34.000000000000000       -18.758249038270961     
   17.000000000000000        34.000000000000000       -32.241750961729039     
   17.000000000000000        34.000000000000000       -1.7582490382709610     
   17.000000000000000        34.000000000000000       -15.241750961729041     
   17.000000000000000        34.000000000000000        15.241750961729039     
   17.000000000000000        34.000000000000000        1.7582490382709597     
   17.000000000000000        34.000000000000000        32.241750961729039     
   17.000000000000000        34.000000000000000        18.758249038270961     
   17.000000000000000        34.000000000000000        49.241750961729039     
   17.000000000000000        34.000000000000000        35.758249038270961     
   34.000000000000000       -34.000000000000000       -18.758249038270961     
   34.000000000000000       -34.000000000000000       -32.241750961729039     
   34.000000000000000       -34.000000000000000       -1.7582490382709610     
   34.000000000000000       -34.000000000000000       -15.241750961729041     
   34.000000000000000       -34.000000000000000        15.241750961729039     
   34.000000000000000       -34.000000000000000        1.7582490382709597     
   34.000000000000000       -34.000000000000000        32.241750961729039     
   34.000000000000000       -34.000000000000000        18.758249038270961     
   34.000000000000000       -34.000000000000000        49.241750961729039     
   34.000000000000000       -34.000000000000000        35.758249038270961     
   34.000000000000000       -17.000000000000000       -18.758249038270961     
   34.000000000000000       -17.000000000000000       -32.241750961729039     
   34.000000000000000       -17.000000000000000       -1.7582490382709610     
   34.000000000000000       -17.000000000000000       -15.241750961729041     
   34.000000000000000       -17.000000000000000        15.241750961729039     
   34.000000000000000       -17.000000000000000        1.7582490382709597     
   34.000000000000000       -17.000000000000000        32.241750961729039     
   34.000000000000000       -17.000000000000000        18.758249038270961     
   34.000000000000000       -17.000000000000000        49.241750961729039     
   34.000000000000000       -17.000000000000000        35.758249038270961     
   34.000000000000000        0.0000000000000000       -18.758249038270961     
   34.000000000000000        0.0000000000000000       -32.241750961729039     
   34.000000000000000        0.0000000000000000       -1.7582490382709610     
   34.000000000000000        0.0000000000000000       -15.241750961729041     
   34.000000000000000        0.0000000000000000        15.241750961729039     
   34.000000000000000        0.0000000000000000        1.7582490382709597     
   34.000000000000000        0.0000000000000000        32.241750961729039     
   34.000000000000000        0.0000000000000000        18.758249038270961     
   34.000000000000000        0.0000000000000000        49.241750961729039     
   34.000000000000000        0.0000000000000000        35.758249038270961     
   34.000000000000000        17.000000000000000       -18.758249038270961     
   34.000000000000000        17.000000000000000       -32.241750961729039     
   34.000000000000000        17.000000000000000       -1.7582490382709610     
   34.000000000000000        17.000000000000000       -15.241750961729041     
   34.000000000000000        17.000000000000000        15.241750961729039     
   34.000000000000000        17.000000000000000        1.7582490382709597     
   34.000000000000000        17.000000000000000        32.241750961729039     
   34.000000000000000        17.000000000000000        18.758249038270961     
   34.000000000000000        17.000000000000000        49.241750961729039     
   34.000000000000000        17.000000000000000        35.758249038270961     
   34.000000000000000        34.000000000000000       -18.758249038270961     
   34.000000000000000        34.000000000000000       -32.241750961729039     
   34.000000000000000        34.000000000000000       -1.7582490382709610     
   34.000000000000000        34.000000000000000       -15.241750961729041     
   34.000000000000000        34.000000000000000        15.241750961729039     
   34.000000000000000        34.000000000000000        1.7582490382709597     
   34.000000000000000        34.000000000000000        32.241750961729039     
   34.000000000000000        34.000000000000000        18.758249038270961     
   34.000000000000000        34.000000000000000        49.241750961729039     
   34.000000000000000        34.000000000000000        35.758249038270961     
           1           1   58.889727457341827     
           1           2   67.577236958276472     
           1           1   51.000000000000000     
           1           2   56.931923290167113     
           1           1   48.083261120685229     
           1           2   49.938009813366591     
           1           1   51.000000000000000     
           1           2   48.211676580703177     
           1           1   58.889727457341827     
           1           2   52.277401363540903     
           1           1   51.000000000000000     
           1           2   60.825019152607318     
           1           1   41.641325627314025     
           1           2   48.726213576651659     
           1           1   38.013155617496423     
           1           2   40.333668617172648     
           1           1   41.641325627314025     
           1           2   38.175460163858183     
           1           1   51.000000000000000     
           1           2   43.196373613125772     
           1           1   48.083261120685229     
           1           2   58.401052686702890     
           1           1   38.013155617496423     
           1           2   45.664470757006178     
           1           1   34.000000000000000     
           1           2   36.576014327970427     
           1           1   38.013155617496423     
           1           2   34.181365664969022     
           1           1   48.083261120685229     
           1           2   39.710536301147435     
           1           1   51.000000000000000     
           1           2   60.825019152607318     
           1           1   41.641325627314025     
           1           2   48.726213576651659     
           1           1   38.013155617496423     
           1           2   40.333668617172648     
           1           1   41.641325627314025     
           1           2   38.175460163858183     
           1           1   51.000000000000000     
           1           2   43.196373613125772     
           1           1   58.889727457341827     
           1           2   67.577236958276472     
           1           1   51.000000000000000     
           1           2   56.931923290167113     
           1           1   48.083261120685229     
           1           2   49.938009813366591     
           1           1   51.000000000000000     
           1           2   48.211676580703177     
           1           1   58.889727457341827     
           1           2   52.277401363540903     
           1           1   51.000000000000000     
           1           2   60.825019152607318     
           1           1   41.641325627314025     
           1           2   48.726213576651659     
           1           1   38.013155617496423     
           1           2   40.333668617172648     
           1           1   41.641325627314025     
           1           2   38.175460163858183     
           1           1   51.000000000000000     
           1           2   43.196373613125772     
           1           1   41.641325627314025     
           1           2   53.222955150151584     
           1           1   29.444863728670914     
           1           2   38.823239039491185     
           1           1   24.041630560342615     
           1           2   27.564557390241145     
           1           1   29.444863728670914     
           1           2   24.297443460626120     
           1           1   41.641325627314025     
           1           2   31.605801577000832     
           1           1   38.013155617496423     
           1           2   50.434937839904663     
           1           1   24.041630560342615     
           1           2   34.903350691838632     
           1           1   17.000000000000000     
           1           2   21.698037333360308     
           1           1   24.041630560342615     
           1           2   17.359889363769664     
           1           1   38.013155617496423     
           1           2   26.644449578190734     
           1           1   41.641325627314025     
           1           2   53.222955150151584     
           1           1   29.444863728670914     
           1           2   38.823239039491185     
           1           1   24.041630560342615     
           1           2   27.564557390241145     
           1           1   29.444863728670914     
           1           2   24.297443460626120     
           1           1   41.641325627314025     
           1           2   31.605801577000832     
           1           1   51.000000000000000     
           1           2   60.825019152607318     
           1           1   41.641325627314025     
           1           2   48.726213576651659     
           1           1   38.013155617496423     
           1           2   40.333668617172648     
           1           1   41.641325627314025     
           1           2   38.175460163858183     
           1           1   51.000000000000000     
           1           2   43.196373613125772     
           1           1   48.083261120685229     
           1           2   58.401052686702890     
           1           1   38.013155617496423     
           1           2   45.664470757006178     
           1           1   34.000000000000000     
           1           2   36.576014327970427     
           1           1   38.013155617496423     
           1           2   34.181365664969022     
           1           1   48.083261120685229     
           1           2   39.710536301147435     
           1           1   38.013155617496423     
           1           2   50.434937839904663     
           1           1   24.041630560342615     
           1           2   34.903350691838632     
           1           1   17.000000000000000     
           1           2   21.698037333360308     
           1           1   24.041630560342615     
           1           2   17.359889363769664     
           1           1   38.013155617496423     
           1           2   26.644449578190734     
           1           1   34.000000000000000     
           1           2   47.483501923458078     
           1           1   17.000000000000000     
           1           2   30.483501923458078     
           1           1   0.0000000000000000     
           1           2   13.483501923458080     
           1           1   17.000000000000000     
           1           2   3.5164980765419216     
           1           1   34.000000000000000     
           1           2   20.516498076541922     
           1           1   38.013155617496423     
           1           2   50.434937839904663     
           1           1   24.041630560342615     
           1           2   34.903350691838632     
           1           1   17.000000000000000     
           1           2   21.698037333360308     
           1           1   24.041630560342615     
           1           2   17.359889363769664     
           1           1   38.013155617496423     
           1           2   26.644449578190734     
           1           1   48.083261120685229     
           1           2   58.401052686702890     
           1           1   38.013155617496423     
           1           2   45.664470757006178     
           1           1   34.000000000000000     
           1           2   36.576014327970427     
           1           1   38.013155617496423     
           1           2   34.181365664969022     
           1           1   48.083261120685229     
           1           2   39.710536301147435     
           1           1   51.000000000000000     
           1           2   60.825019152607318     
           1           1   41.641325627314025     
           1           2   48.726213576651659     
           1           1   38.013155617496423     
           1           2   40.333668617172648     
           1           1   41.641325627314025     
           1           2   38.175460163858183     
           1           1   51.000000000000000     
           1           2   43.196373613125772     
           1           1   41.641325627314025     
           1           2   53.222955150151584     
           1           1   29.444863728670914     
           1           2   38.823239039491185     
           1           1   24.041630560342615     
           1           2   27.564557390241145     
           1           1   29.444863728670914     
           1           2   24.297443460626120     
           1           1   41.641325627314025     
           1           2   31.605801577000832     
           1           1   38.013155617496423     
           1           2   50.434937839904663     
           1           1   24.041630560342615     
           1           2   34.903350691838632     
           1           1   17.000000000000000     
           1           2   21.698037333360308     
           1           1   24.041630560342615     
           1           2   17.359889363769664     
           1           1   38.013155617496423     
           1           2   26.644449578190734     
           1           1   41.641325627314025     
           1           2   53.222955150151584     
           1           1   29.444863728670914     
           1           2   38.823239039491185     
           1           1   24.041630560342615     
           1           2   27.564557390241145     
           1           1   29.444863728670914     
           1           2   24.297443460626120     
           1           1   41.641325627314025     
           1           2   31.605801577000832     
           1           1   51.000000000000000     
           1           2   60.825019152607318     
           1           1   41.641325627314025     
           1           2   48.726213576651659     
           1           1   38.013155617496423     
           1           2   40.333668617172648     
           1           1   41.641325627314025     
           1           2   38.175460163858183     
           1           1   51.000000000000000     
           1           2   43.196373613125772     
           1           1   58.889727457341827     
           1           2   67.577236958276472     
           1           1   51.000000000000000     
           1           2   56.931923290167113     
           1           1   48.083261120685229     
           1           2   49.938009813366591     
           1           1   51.000000000000000     
           1           2   48.211676580703177     
           1           1   58.889727457341827     
           1           2   52.277401363540903     
           1           1   51.000000000000000     
           1           2   60.825019152607318     
           1           1   41.641325627314025     
           1           2   48.726213576651659     
           1           1   38.013155617496423     
           1           2   40.333668617172648     
           1           1   41.641325627314025     
           1           2   38.175460163858183     
           1           1   51.000000000000000     
           1           2   43.196373613125772     
           1           1   48.083261120685229     
           1           2   58.401052686702890     
           1           1   38.013155617496423     
           1           2   45.664470757006178     
           1           1   34.000000000000000     
           1           2   36.576014327970427     
           1           1   38.013155617496423     
           1           2   34.181365664969022     
           1           1   48.083261120685229     
           1           2   39.710536301147435     
           1           1   51.000000000000000     
           1           2   60.825019152607318     
           1           1   41.641325627314025     
           1           2   48.726213576651659     
           1           1   38.013155617496423     
           1           2   40.333668617172648     
           1           1   41.641325627314025     
           1           2   38.175460163858183     
           1           1   51.000000000000000     
           1           2   43.196373613125772     
           1           1   58.889727457341827     
           1           2   67.577236958276472     
           1           1   51.000000000000000     
           1           2   56.931923290167113     
           1           1   48.083261120685229     
           1           2   49.938009813366591     
           1           1   51.000000000000000     
           1           2   48.211676580703177     
           1           1   58.889727457341827     
           1           2   52.277401363540903     
           2           1   52.277401363540903     
           2           2   58.889727457341827     
           2           1   48.211676580703177     
           2           2   51.000000000000000     
           2           1   49.938009813366591     
           2           2   48.083261120685229     
           2           1   56.931923290167113     
           2           2   51.000000000000000     
           2           1   67.577236958276472     
           2           2   58.889727457341827     
           2           1   43.196373613125772     
           2           2   51.000000000000000     
           2           1   38.175460163858183     
           2           2   41.641325627314025     
           2           1   40.333668617172648     
           2           2   38.013155617496423     
           2           1   48.726213576651659     
           2           2   41.641325627314025     
           2           1   60.825019152607318     
           2           2   51.000000000000000     
           2           1   39.710536301147435     
           2           2   48.083261120685229     
           2           1   34.181365664969022     
           2           2   38.013155617496423     
           2           1   36.576014327970427     
           2           2   34.000000000000000     
           2           1   45.664470757006178     
           2           2   38.013155617496423     
           2           1   58.401052686702890     
           2           2   48.083261120685229     
           2           1   43.196373613125772     
           2           2   51.000000000000000     
           2           1   38.175460163858183     
           2           2   41.641325627314025     
           2           1   40.333668617172648     
           2           2   38.013155617496423     
           2           1   48.726213576651659     
           2           2   41.641325627314025     
           2           1   60.825019152607318     
           2           2   51.000000000000000     
           2           1   52.277401363540903     
           2           2   58.889727457341827     
           2           1   48.211676580703177     
           2           2   51.000000000000000     
           2           1   49.938009813366591     
           2           2   48.083261120685229     
           2           1   56.931923290167113     
           2           2   51.000000000000000     
           2           1   67.577236958276472     
           2           2   58.889727457341827     
           2           1   43.196373613125772     
           2           2   51.000000000000000     
           2           1   38.175460163858183     
           2           2   41.641325627314025     
           2           1   40.333668617172648     
           2           2   38.013155617496423     
           2           1   48.726213576651659     
           2           2   41.641325627314025     
           2           1   60.825019152607318     
           2           2   51.000000000000000     
           2           1   31.605801577000832     
           2           2   41.641325627314025     
           2           1   24.297443460626120     
           2           2   29.444863728670914     
           2           1   27.564557390241145     
           2           2   24.041630560342615     
           2           1   38.823239039491185     
           2           2   29.444863728670914     
           2           1   53.222955150151584     
           2           2   41.641325627314025     
           2           1   26.644449578190734     
           2           2   38.013155617496423     
           2           1   17.359889363769664     
           2           2   24.041630560342615     
           2           1   21.698037333360308     
           2           2   17.000000000000000     
           2           1   34.903350691838632     
           2           2   24.041630560342615     
           2           1   50.434937839904663     
           2           2   38.013155617496423     
           2           1   31.605801577000832     
           2           2   41.641325627314025     
           2           1   24.297443460626120     
           2           2   29.444863728670914     
           2           1   27.564557390241145     
           2           2   24.041630560342615     
           2           1   38.823239039491185     
           2           2   29.444863728670914     
           2           1   53.222955150151584     
           2           2   41.641325627314025     
           2           1   43.196373613125772     
           2           2   51.000000000000000     
           2           1   38.175460163858183     
           2           2   41.641325627314025     
           2           1   40.333668617172648     
           2           2   38.013155617496423     
           2           1   48.726213576651659     
           2           2   41.641325627314025     
           2           1   60.825019152607318     
           2           2   51.000000000000000     
           2           1   39.710536301147435     
           2           2   48.083261120685229     
           2           1   34.181365664969022     
           2           2   38.013155617496423     
           2           1   36.576014327970427     
           2           2   34.000000000000000     
           2           1   45.664470757006178     
           2           2   38.013155617496423     
           2           1   58.401052686702890     
           2           2   48.083261120685229     
           2           1   26.644449578190734     
           2           2   38.013155617496423     
           2           1   17.359889363769664     
           2           2   24.041630560342615     
           2           1   21.698037333360308     
           2           2   17.000000000000000     
           2           1   34.903350691838632     
           2           2   24.041630560342615     
           2           1   50.434937839904663     
           2           2   38.013155617496423     
           2           1   20.516498076541922     
           2           2   34.000000000000000     
           2           1   3.5164980765419207     
           2           2   17.000000000000000     
           2           1   13.483501923458080     
           2           2   0.0000000000000000     
           2           1   30.483501923458078     
           2           2   17.000000000000000     
           2           1   47.483501923458078     
           2           2   34.000000000000000     
           2           1   26.644449578190734     
           2           2   38.013155617496423     
           2           1   17.359889363769664     
           2           2   24.041630560342615     
           2           1   21.698037333360308     
           2           2   17.000000000000000     
           2           1   34.903350691838632     
           2           2   24.041630560342615     
           2           1   50.434937839904663     
           2           2   38.013155617496423     
           2           1   39.710536301147435     
           2           2   48.083261120685229     
           2           1   34.181365664969022     
           2           2   38.013155617496423     
           2           1   36.576014327970427     
           2           2   34.000000000000000     
           2           1   45.664470757006178     
           2           2   38.013155617496423     
           2           1   58.401052686702890     
           2           2   48.083261120685229     
           2           1   43.196373613125772     
           2           2   51.000000000000000     
           2           1   38.175460163858183     
           2           2   41.641325627314025     
           2           1   40.333668617172648     
           2           2   38.013155617496423     
           2           1   48.726213576651659     
           2           2   41.641325627314025     
           2           1   60.825019152607318     
           2           2   51.000000000000000     
           2           1   31.605801577000832     
           2           2   41.641325627314025     
           2           1   24.297443460626120     
           2           2   29.444863728670914     
           2           1   27.564557390241145     
           2           2   24.041630560342615     
           2           1   38.823239039491185     
           2           2   29.444863728670914     
           2           1   53.222955150151584     
           2           2   41.641325627314025     
           2           1   26.644449578190734     
           2           2   38.013155617496423     
           2           1   17.359889363769664     
           2           2   24.041630560342615     
           2           1   21.698037333360308     
           2           2   17.000000000000000     
           2           1   34.903350691838632     
           2           2   24.041630560342615     
           2           1   50.434937839904663     
           2           2   38.013155617496423     
           2           1   31.605801577000832     
           2           2   41.641325627314025     
           2           1   24.297443460626120     
           2           2   29.444863728670914     
           2           1   27.564557390241145     
           2           2   24.041630560342615     
           2           1   38.823239039491185     
           2           2   29.444863728670914     
           2           1   53.222955150151584     
           2           2   41.641325627314025     
           2           1   43.196373613125772     
           2           2   51.000000000000000     
           2           1   38.175460163858183     
           2           2   41.641325627314025     
           2           1   40.333668617172648     
           2           2   38.013155617496423     
           2           1   48.726213576651659     
           2           2   41.641325627314025     
           2           1   60.825019152607318     
           2           2   51.000000000000000     
           2           1   52.277401363540903     
           2           2   58.889727457341827     
           2           1   48.211676580703177     
           2           2   51.000000000000000     
           2           1   49.938009813366591     
           2           2   48.083261120685229     
           2           1   56.931923290167113     
           2           2   51.000000000000000     
           2           1   67.577236958276472     
           2           2   58.889727457341827     
           2           1   43.196373613125772     
           2           2   51.000000000000000     
           2           1   38.175460163858183     
           2           2   41.641325627314025     
           2           1   40.333668617172648     
           2           2   38.013155617496423     
           2           1   48.726213576651659     
           2           2   41.641325627314025     
           2           1   60.825019152607318     
           2           2   51.000000000000000     
           2           1   39.710536301147435     
           2           2   48.083261120685229     
           2           1   34.181365664969022     
           2           2   38.013155617496423     
           2           1   36.576014327970427     
           2           2   34.000000000000000     
           2           1   45.664470757006178     
           2           2   38.013155617496423     
           2           1   58.401052686702890     
           2           2   48.083261120685229     
           2           1   43.196373613125772     
           2           2   51.000000000000000     
           2           1   38.175460163858183     
           2           2   41.641325627314025     
           2           1   40.333668617172648     
           2           2   38.013155617496423     
           2           1   48.726213576651659     
           2           2   41.641325627314025     
           2           1   60.825019152607318     
           2           2   51.000000000000000     
           2           1   52.277401363540903     
           2           2   58.889727457341827     
           2           1   48.211676580703177     
           2           2   51.000000000000000     
           2           1   49.938009813366591     
           2           2   48.083261120685229     
           2           1   56.931923290167113     
           2           2   51.000000000000000     
           2           1   67.577236958276472     
           2           2   58.889727457341827     
   1   2  3.5165
   2   1  3.5165
