           2
 -0.0000000000000000  0.0000000000000000  0.9348187536131717
  0.0000000000000000 -0.0000000000000000  0.0651812463868283
           1           1  -2.0000000000000000       -2.0000000000000000       -1.0651812463868282     
           2           2  -2.0000000000000000       -2.0000000000000000       -1.9348187536131718     
           3           1  -2.0000000000000000       -2.0000000000000000       -6.5181246386828318E-002
           4           2  -2.0000000000000000       -2.0000000000000000      -0.93481875361317168     
           5           1  -2.0000000000000000       -2.0000000000000000       0.93481875361317168     
           6           2  -2.0000000000000000       -2.0000000000000000        6.5181246386828304E-002
           7           1  -2.0000000000000000       -2.0000000000000000        1.9348187536131718     
           8           2  -2.0000000000000000       -2.0000000000000000        1.0651812463868282     
           9           1  -2.0000000000000000       -2.0000000000000000        2.9348187536131718     
          10           2  -2.0000000000000000       -2.0000000000000000        2.0651812463868282     
          11           1  -2.0000000000000000       -1.0000000000000000       -1.0651812463868282     
          12           2  -2.0000000000000000       -1.0000000000000000       -1.9348187536131718     
          13           1  -2.0000000000000000       -1.0000000000000000       -6.5181246386828318E-002
          14           2  -2.0000000000000000       -1.0000000000000000      -0.93481875361317168     
          15           1  -2.0000000000000000       -1.0000000000000000       0.93481875361317168     
          16           2  -2.0000000000000000       -1.0000000000000000        6.5181246386828304E-002
          17           1  -2.0000000000000000       -1.0000000000000000        1.9348187536131718     
          18           2  -2.0000000000000000       -1.0000000000000000        1.0651812463868282     
          19           1  -2.0000000000000000       -1.0000000000000000        2.9348187536131718     
          20           2  -2.0000000000000000       -1.0000000000000000        2.0651812463868282     
          21           1  -2.0000000000000000        0.0000000000000000       -1.0651812463868282     
          22           2  -2.0000000000000000        0.0000000000000000       -1.9348187536131718     
          23           1  -2.0000000000000000        0.0000000000000000       -6.5181246386828318E-002
          24           2  -2.0000000000000000        0.0000000000000000      -0.93481875361317168     
          25           1  -2.0000000000000000        0.0000000000000000       0.93481875361317168     
          26           2  -2.0000000000000000        0.0000000000000000        6.5181246386828304E-002
          27           1  -2.0000000000000000        0.0000000000000000        1.9348187536131718     
          28           2  -2.0000000000000000        0.0000000000000000        1.0651812463868282     
          29           1  -2.0000000000000000        0.0000000000000000        2.9348187536131718     
          30           2  -2.0000000000000000        0.0000000000000000        2.0651812463868282     
          31           1  -2.0000000000000000        1.0000000000000000       -1.0651812463868282     
          32           2  -2.0000000000000000        1.0000000000000000       -1.9348187536131718     
          33           1  -2.0000000000000000        1.0000000000000000       -6.5181246386828318E-002
          34           2  -2.0000000000000000        1.0000000000000000      -0.93481875361317168     
          35           1  -2.0000000000000000        1.0000000000000000       0.93481875361317168     
          36           2  -2.0000000000000000        1.0000000000000000        6.5181246386828304E-002
          37           1  -2.0000000000000000        1.0000000000000000        1.9348187536131718     
          38           2  -2.0000000000000000        1.0000000000000000        1.0651812463868282     
          39           1  -2.0000000000000000        1.0000000000000000        2.9348187536131718     
          40           2  -2.0000000000000000        1.0000000000000000        2.0651812463868282     
          41           1  -2.0000000000000000        2.0000000000000000       -1.0651812463868282     
          42           2  -2.0000000000000000        2.0000000000000000       -1.9348187536131718     
          43           1  -2.0000000000000000        2.0000000000000000       -6.5181246386828318E-002
          44           2  -2.0000000000000000        2.0000000000000000      -0.93481875361317168     
          45           1  -2.0000000000000000        2.0000000000000000       0.93481875361317168     
          46           2  -2.0000000000000000        2.0000000000000000        6.5181246386828304E-002
          47           1  -2.0000000000000000        2.0000000000000000        1.9348187536131718     
          48           2  -2.0000000000000000        2.0000000000000000        1.0651812463868282     
          49           1  -2.0000000000000000        2.0000000000000000        2.9348187536131718     
          50           2  -2.0000000000000000        2.0000000000000000        2.0651812463868282     
          51           1  -1.0000000000000000       -2.0000000000000000       -1.0651812463868282     
          52           2  -1.0000000000000000       -2.0000000000000000       -1.9348187536131718     
          53           1  -1.0000000000000000       -2.0000000000000000       -6.5181246386828318E-002
          54           2  -1.0000000000000000       -2.0000000000000000      -0.93481875361317168     
          55           1  -1.0000000000000000       -2.0000000000000000       0.93481875361317168     
          56           2  -1.0000000000000000       -2.0000000000000000        6.5181246386828304E-002
          57           1  -1.0000000000000000       -2.0000000000000000        1.9348187536131718     
          58           2  -1.0000000000000000       -2.0000000000000000        1.0651812463868282     
          59           1  -1.0000000000000000       -2.0000000000000000        2.9348187536131718     
          60           2  -1.0000000000000000       -2.0000000000000000        2.0651812463868282     
          61           1  -1.0000000000000000       -1.0000000000000000       -1.0651812463868282     
          62           2  -1.0000000000000000       -1.0000000000000000       -1.9348187536131718     
          63           1  -1.0000000000000000       -1.0000000000000000       -6.5181246386828318E-002
          64           2  -1.0000000000000000       -1.0000000000000000      -0.93481875361317168     
          65           1  -1.0000000000000000       -1.0000000000000000       0.93481875361317168     
          66           2  -1.0000000000000000       -1.0000000000000000        6.5181246386828304E-002
          67           1  -1.0000000000000000       -1.0000000000000000        1.9348187536131718     
          68           2  -1.0000000000000000       -1.0000000000000000        1.0651812463868282     
          69           1  -1.0000000000000000       -1.0000000000000000        2.9348187536131718     
          70           2  -1.0000000000000000       -1.0000000000000000        2.0651812463868282     
          71           1  -1.0000000000000000        0.0000000000000000       -1.0651812463868282     
          72           2  -1.0000000000000000        0.0000000000000000       -1.9348187536131718     
          73           1  -1.0000000000000000        0.0000000000000000       -6.5181246386828318E-002
          74           2  -1.0000000000000000        0.0000000000000000      -0.93481875361317168     
          75           1  -1.0000000000000000        0.0000000000000000       0.93481875361317168     
          76           2  -1.0000000000000000        0.0000000000000000        6.5181246386828304E-002
          77           1  -1.0000000000000000        0.0000000000000000        1.9348187536131718     
          78           2  -1.0000000000000000        0.0000000000000000        1.0651812463868282     
          79           1  -1.0000000000000000        0.0000000000000000        2.9348187536131718     
          80           2  -1.0000000000000000        0.0000000000000000        2.0651812463868282     
          81           1  -1.0000000000000000        1.0000000000000000       -1.0651812463868282     
          82           2  -1.0000000000000000        1.0000000000000000       -1.9348187536131718     
          83           1  -1.0000000000000000        1.0000000000000000       -6.5181246386828318E-002
          84           2  -1.0000000000000000        1.0000000000000000      -0.93481875361317168     
          85           1  -1.0000000000000000        1.0000000000000000       0.93481875361317168     
          86           2  -1.0000000000000000        1.0000000000000000        6.5181246386828304E-002
          87           1  -1.0000000000000000        1.0000000000000000        1.9348187536131718     
          88           2  -1.0000000000000000        1.0000000000000000        1.0651812463868282     
          89           1  -1.0000000000000000        1.0000000000000000        2.9348187536131718     
          90           2  -1.0000000000000000        1.0000000000000000        2.0651812463868282     
          91           1  -1.0000000000000000        2.0000000000000000       -1.0651812463868282     
          92           2  -1.0000000000000000        2.0000000000000000       -1.9348187536131718     
          93           1  -1.0000000000000000        2.0000000000000000       -6.5181246386828318E-002
          94           2  -1.0000000000000000        2.0000000000000000      -0.93481875361317168     
          95           1  -1.0000000000000000        2.0000000000000000       0.93481875361317168     
          96           2  -1.0000000000000000        2.0000000000000000        6.5181246386828304E-002
          97           1  -1.0000000000000000        2.0000000000000000        1.9348187536131718     
          98           2  -1.0000000000000000        2.0000000000000000        1.0651812463868282     
          99           1  -1.0000000000000000        2.0000000000000000        2.9348187536131718     
         100           2  -1.0000000000000000        2.0000000000000000        2.0651812463868282     
         101           1   0.0000000000000000       -2.0000000000000000       -1.0651812463868282     
         102           2   0.0000000000000000       -2.0000000000000000       -1.9348187536131718     
         103           1   0.0000000000000000       -2.0000000000000000       -6.5181246386828318E-002
         104           2   0.0000000000000000       -2.0000000000000000      -0.93481875361317168     
         105           1   0.0000000000000000       -2.0000000000000000       0.93481875361317168     
         106           2   0.0000000000000000       -2.0000000000000000        6.5181246386828304E-002
         107           1   0.0000000000000000       -2.0000000000000000        1.9348187536131718     
         108           2   0.0000000000000000       -2.0000000000000000        1.0651812463868282     
         109           1   0.0000000000000000       -2.0000000000000000        2.9348187536131718     
         110           2   0.0000000000000000       -2.0000000000000000        2.0651812463868282     
         111           1   0.0000000000000000       -1.0000000000000000       -1.0651812463868282     
         112           2   0.0000000000000000       -1.0000000000000000       -1.9348187536131718     
         113           1   0.0000000000000000       -1.0000000000000000       -6.5181246386828318E-002
         114           2   0.0000000000000000       -1.0000000000000000      -0.93481875361317168     
         115           1   0.0000000000000000       -1.0000000000000000       0.93481875361317168     
         116           2   0.0000000000000000       -1.0000000000000000        6.5181246386828304E-002
         117           1   0.0000000000000000       -1.0000000000000000        1.9348187536131718     
         118           2   0.0000000000000000       -1.0000000000000000        1.0651812463868282     
         119           1   0.0000000000000000       -1.0000000000000000        2.9348187536131718     
         120           2   0.0000000000000000       -1.0000000000000000        2.0651812463868282     
         121           1   0.0000000000000000        0.0000000000000000       -1.0651812463868282     
         122           2   0.0000000000000000        0.0000000000000000       -1.9348187536131718     
         123           1   0.0000000000000000        0.0000000000000000       -6.5181246386828318E-002
         124           2   0.0000000000000000        0.0000000000000000      -0.93481875361317168     
         125           1   0.0000000000000000        0.0000000000000000       0.93481875361317168     
         126           2   0.0000000000000000        0.0000000000000000        6.5181246386828304E-002
         127           1   0.0000000000000000        0.0000000000000000        1.9348187536131718     
         128           2   0.0000000000000000        0.0000000000000000        1.0651812463868282     
         129           1   0.0000000000000000        0.0000000000000000        2.9348187536131718     
         130           2   0.0000000000000000        0.0000000000000000        2.0651812463868282     
         131           1   0.0000000000000000        1.0000000000000000       -1.0651812463868282     
         132           2   0.0000000000000000        1.0000000000000000       -1.9348187536131718     
         133           1   0.0000000000000000        1.0000000000000000       -6.5181246386828318E-002
         134           2   0.0000000000000000        1.0000000000000000      -0.93481875361317168     
         135           1   0.0000000000000000        1.0000000000000000       0.93481875361317168     
         136           2   0.0000000000000000        1.0000000000000000        6.5181246386828304E-002
         137           1   0.0000000000000000        1.0000000000000000        1.9348187536131718     
         138           2   0.0000000000000000        1.0000000000000000        1.0651812463868282     
         139           1   0.0000000000000000        1.0000000000000000        2.9348187536131718     
         140           2   0.0000000000000000        1.0000000000000000        2.0651812463868282     
         141           1   0.0000000000000000        2.0000000000000000       -1.0651812463868282     
         142           2   0.0000000000000000        2.0000000000000000       -1.9348187536131718     
         143           1   0.0000000000000000        2.0000000000000000       -6.5181246386828318E-002
         144           2   0.0000000000000000        2.0000000000000000      -0.93481875361317168     
         145           1   0.0000000000000000        2.0000000000000000       0.93481875361317168     
         146           2   0.0000000000000000        2.0000000000000000        6.5181246386828304E-002
         147           1   0.0000000000000000        2.0000000000000000        1.9348187536131718     
         148           2   0.0000000000000000        2.0000000000000000        1.0651812463868282     
         149           1   0.0000000000000000        2.0000000000000000        2.9348187536131718     
         150           2   0.0000000000000000        2.0000000000000000        2.0651812463868282     
         151           1   1.0000000000000000       -2.0000000000000000       -1.0651812463868282     
         152           2   1.0000000000000000       -2.0000000000000000       -1.9348187536131718     
         153           1   1.0000000000000000       -2.0000000000000000       -6.5181246386828318E-002
         154           2   1.0000000000000000       -2.0000000000000000      -0.93481875361317168     
         155           1   1.0000000000000000       -2.0000000000000000       0.93481875361317168     
         156           2   1.0000000000000000       -2.0000000000000000        6.5181246386828304E-002
         157           1   1.0000000000000000       -2.0000000000000000        1.9348187536131718     
         158           2   1.0000000000000000       -2.0000000000000000        1.0651812463868282     
         159           1   1.0000000000000000       -2.0000000000000000        2.9348187536131718     
         160           2   1.0000000000000000       -2.0000000000000000        2.0651812463868282     
         161           1   1.0000000000000000       -1.0000000000000000       -1.0651812463868282     
         162           2   1.0000000000000000       -1.0000000000000000       -1.9348187536131718     
         163           1   1.0000000000000000       -1.0000000000000000       -6.5181246386828318E-002
         164           2   1.0000000000000000       -1.0000000000000000      -0.93481875361317168     
         165           1   1.0000000000000000       -1.0000000000000000       0.93481875361317168     
         166           2   1.0000000000000000       -1.0000000000000000        6.5181246386828304E-002
         167           1   1.0000000000000000       -1.0000000000000000        1.9348187536131718     
         168           2   1.0000000000000000       -1.0000000000000000        1.0651812463868282     
         169           1   1.0000000000000000       -1.0000000000000000        2.9348187536131718     
         170           2   1.0000000000000000       -1.0000000000000000        2.0651812463868282     
         171           1   1.0000000000000000        0.0000000000000000       -1.0651812463868282     
         172           2   1.0000000000000000        0.0000000000000000       -1.9348187536131718     
         173           1   1.0000000000000000        0.0000000000000000       -6.5181246386828318E-002
         174           2   1.0000000000000000        0.0000000000000000      -0.93481875361317168     
         175           1   1.0000000000000000        0.0000000000000000       0.93481875361317168     
         176           2   1.0000000000000000        0.0000000000000000        6.5181246386828304E-002
         177           1   1.0000000000000000        0.0000000000000000        1.9348187536131718     
         178           2   1.0000000000000000        0.0000000000000000        1.0651812463868282     
         179           1   1.0000000000000000        0.0000000000000000        2.9348187536131718     
         180           2   1.0000000000000000        0.0000000000000000        2.0651812463868282     
         181           1   1.0000000000000000        1.0000000000000000       -1.0651812463868282     
         182           2   1.0000000000000000        1.0000000000000000       -1.9348187536131718     
         183           1   1.0000000000000000        1.0000000000000000       -6.5181246386828318E-002
         184           2   1.0000000000000000        1.0000000000000000      -0.93481875361317168     
         185           1   1.0000000000000000        1.0000000000000000       0.93481875361317168     
         186           2   1.0000000000000000        1.0000000000000000        6.5181246386828304E-002
         187           1   1.0000000000000000        1.0000000000000000        1.9348187536131718     
         188           2   1.0000000000000000        1.0000000000000000        1.0651812463868282     
         189           1   1.0000000000000000        1.0000000000000000        2.9348187536131718     
         190           2   1.0000000000000000        1.0000000000000000        2.0651812463868282     
         191           1   1.0000000000000000        2.0000000000000000       -1.0651812463868282     
         192           2   1.0000000000000000        2.0000000000000000       -1.9348187536131718     
         193           1   1.0000000000000000        2.0000000000000000       -6.5181246386828318E-002
         194           2   1.0000000000000000        2.0000000000000000      -0.93481875361317168     
         195           1   1.0000000000000000        2.0000000000000000       0.93481875361317168     
         196           2   1.0000000000000000        2.0000000000000000        6.5181246386828304E-002
         197           1   1.0000000000000000        2.0000000000000000        1.9348187536131718     
         198           2   1.0000000000000000        2.0000000000000000        1.0651812463868282     
         199           1   1.0000000000000000        2.0000000000000000        2.9348187536131718     
         200           2   1.0000000000000000        2.0000000000000000        2.0651812463868282     
         201           1   2.0000000000000000       -2.0000000000000000       -1.0651812463868282     
         202           2   2.0000000000000000       -2.0000000000000000       -1.9348187536131718     
         203           1   2.0000000000000000       -2.0000000000000000       -6.5181246386828318E-002
         204           2   2.0000000000000000       -2.0000000000000000      -0.93481875361317168     
         205           1   2.0000000000000000       -2.0000000000000000       0.93481875361317168     
         206           2   2.0000000000000000       -2.0000000000000000        6.5181246386828304E-002
         207           1   2.0000000000000000       -2.0000000000000000        1.9348187536131718     
         208           2   2.0000000000000000       -2.0000000000000000        1.0651812463868282     
         209           1   2.0000000000000000       -2.0000000000000000        2.9348187536131718     
         210           2   2.0000000000000000       -2.0000000000000000        2.0651812463868282     
         211           1   2.0000000000000000       -1.0000000000000000       -1.0651812463868282     
         212           2   2.0000000000000000       -1.0000000000000000       -1.9348187536131718     
         213           1   2.0000000000000000       -1.0000000000000000       -6.5181246386828318E-002
         214           2   2.0000000000000000       -1.0000000000000000      -0.93481875361317168     
         215           1   2.0000000000000000       -1.0000000000000000       0.93481875361317168     
         216           2   2.0000000000000000       -1.0000000000000000        6.5181246386828304E-002
         217           1   2.0000000000000000       -1.0000000000000000        1.9348187536131718     
         218           2   2.0000000000000000       -1.0000000000000000        1.0651812463868282     
         219           1   2.0000000000000000       -1.0000000000000000        2.9348187536131718     
         220           2   2.0000000000000000       -1.0000000000000000        2.0651812463868282     
         221           1   2.0000000000000000        0.0000000000000000       -1.0651812463868282     
         222           2   2.0000000000000000        0.0000000000000000       -1.9348187536131718     
         223           1   2.0000000000000000        0.0000000000000000       -6.5181246386828318E-002
         224           2   2.0000000000000000        0.0000000000000000      -0.93481875361317168     
         225           1   2.0000000000000000        0.0000000000000000       0.93481875361317168     
         226           2   2.0000000000000000        0.0000000000000000        6.5181246386828304E-002
         227           1   2.0000000000000000        0.0000000000000000        1.9348187536131718     
         228           2   2.0000000000000000        0.0000000000000000        1.0651812463868282     
         229           1   2.0000000000000000        0.0000000000000000        2.9348187536131718     
         230           2   2.0000000000000000        0.0000000000000000        2.0651812463868282     
         231           1   2.0000000000000000        1.0000000000000000       -1.0651812463868282     
         232           2   2.0000000000000000        1.0000000000000000       -1.9348187536131718     
         233           1   2.0000000000000000        1.0000000000000000       -6.5181246386828318E-002
         234           2   2.0000000000000000        1.0000000000000000      -0.93481875361317168     
         235           1   2.0000000000000000        1.0000000000000000       0.93481875361317168     
         236           2   2.0000000000000000        1.0000000000000000        6.5181246386828304E-002
         237           1   2.0000000000000000        1.0000000000000000        1.9348187536131718     
         238           2   2.0000000000000000        1.0000000000000000        1.0651812463868282     
         239           1   2.0000000000000000        1.0000000000000000        2.9348187536131718     
         240           2   2.0000000000000000        1.0000000000000000        2.0651812463868282     
         241           1   2.0000000000000000        2.0000000000000000       -1.0651812463868282     
         242           2   2.0000000000000000        2.0000000000000000       -1.9348187536131718     
         243           1   2.0000000000000000        2.0000000000000000       -6.5181246386828318E-002
         244           2   2.0000000000000000        2.0000000000000000      -0.93481875361317168     
         245           1   2.0000000000000000        2.0000000000000000       0.93481875361317168     
         246           2   2.0000000000000000        2.0000000000000000        6.5181246386828304E-002
         247           1   2.0000000000000000        2.0000000000000000        1.9348187536131718     
         248           2   2.0000000000000000        2.0000000000000000        1.0651812463868282     
         249           1   2.0000000000000000        2.0000000000000000        2.9348187536131718     
         250           2   2.0000000000000000        2.0000000000000000        2.0651812463868282     
         250
   0.0000000000000000        0.0000000000000000        15.891918811423919     
   0.0000000000000000        0.0000000000000000        1.1080811885760811     
  -34.000000000000000       -34.000000000000000       -18.108081188576080     
  -34.000000000000000       -34.000000000000000       -32.891918811423920     
  -34.000000000000000       -34.000000000000000       -1.1080811885760813     
  -34.000000000000000       -34.000000000000000       -15.891918811423919     
  -34.000000000000000       -34.000000000000000        15.891918811423919     
  -34.000000000000000       -34.000000000000000        1.1080811885760811     
  -34.000000000000000       -34.000000000000000        32.891918811423920     
  -34.000000000000000       -34.000000000000000        18.108081188576080     
  -34.000000000000000       -34.000000000000000        49.891918811423920     
  -34.000000000000000       -34.000000000000000        35.108081188576080     
  -34.000000000000000       -17.000000000000000       -18.108081188576080     
  -34.000000000000000       -17.000000000000000       -32.891918811423920     
  -34.000000000000000       -17.000000000000000       -1.1080811885760813     
  -34.000000000000000       -17.000000000000000       -15.891918811423919     
  -34.000000000000000       -17.000000000000000        15.891918811423919     
  -34.000000000000000       -17.000000000000000        1.1080811885760811     
  -34.000000000000000       -17.000000000000000        32.891918811423920     
  -34.000000000000000       -17.000000000000000        18.108081188576080     
  -34.000000000000000       -17.000000000000000        49.891918811423920     
  -34.000000000000000       -17.000000000000000        35.108081188576080     
  -34.000000000000000        0.0000000000000000       -18.108081188576080     
  -34.000000000000000        0.0000000000000000       -32.891918811423920     
  -34.000000000000000        0.0000000000000000       -1.1080811885760813     
  -34.000000000000000        0.0000000000000000       -15.891918811423919     
  -34.000000000000000        0.0000000000000000        15.891918811423919     
  -34.000000000000000        0.0000000000000000        1.1080811885760811     
  -34.000000000000000        0.0000000000000000        32.891918811423920     
  -34.000000000000000        0.0000000000000000        18.108081188576080     
  -34.000000000000000        0.0000000000000000        49.891918811423920     
  -34.000000000000000        0.0000000000000000        35.108081188576080     
  -34.000000000000000        17.000000000000000       -18.108081188576080     
  -34.000000000000000        17.000000000000000       -32.891918811423920     
  -34.000000000000000        17.000000000000000       -1.1080811885760813     
  -34.000000000000000        17.000000000000000       -15.891918811423919     
  -34.000000000000000        17.000000000000000        15.891918811423919     
  -34.000000000000000        17.000000000000000        1.1080811885760811     
  -34.000000000000000        17.000000000000000        32.891918811423920     
  -34.000000000000000        17.000000000000000        18.108081188576080     
  -34.000000000000000        17.000000000000000        49.891918811423920     
  -34.000000000000000        17.000000000000000        35.108081188576080     
  -34.000000000000000        34.000000000000000       -18.108081188576080     
  -34.000000000000000        34.000000000000000       -32.891918811423920     
  -34.000000000000000        34.000000000000000       -1.1080811885760813     
  -34.000000000000000        34.000000000000000       -15.891918811423919     
  -34.000000000000000        34.000000000000000        15.891918811423919     
  -34.000000000000000        34.000000000000000        1.1080811885760811     
  -34.000000000000000        34.000000000000000        32.891918811423920     
  -34.000000000000000        34.000000000000000        18.108081188576080     
  -34.000000000000000        34.000000000000000        49.891918811423920     
  -34.000000000000000        34.000000000000000        35.108081188576080     
  -17.000000000000000       -34.000000000000000       -18.108081188576080     
  -17.000000000000000       -34.000000000000000       -32.891918811423920     
  -17.000000000000000       -34.000000000000000       -1.1080811885760813     
  -17.000000000000000       -34.000000000000000       -15.891918811423919     
  -17.000000000000000       -34.000000000000000        15.891918811423919     
  -17.000000000000000       -34.000000000000000        1.1080811885760811     
  -17.000000000000000       -34.000000000000000        32.891918811423920     
  -17.000000000000000       -34.000000000000000        18.108081188576080     
  -17.000000000000000       -34.000000000000000        49.891918811423920     
  -17.000000000000000       -34.000000000000000        35.108081188576080     
  -17.000000000000000       -17.000000000000000       -18.108081188576080     
  -17.000000000000000       -17.000000000000000       -32.891918811423920     
  -17.000000000000000       -17.000000000000000       -1.1080811885760813     
  -17.000000000000000       -17.000000000000000       -15.891918811423919     
  -17.000000000000000       -17.000000000000000        15.891918811423919     
  -17.000000000000000       -17.000000000000000        1.1080811885760811     
  -17.000000000000000       -17.000000000000000        32.891918811423920     
  -17.000000000000000       -17.000000000000000        18.108081188576080     
  -17.000000000000000       -17.000000000000000        49.891918811423920     
  -17.000000000000000       -17.000000000000000        35.108081188576080     
  -17.000000000000000        0.0000000000000000       -18.108081188576080     
  -17.000000000000000        0.0000000000000000       -32.891918811423920     
  -17.000000000000000        0.0000000000000000       -1.1080811885760813     
  -17.000000000000000        0.0000000000000000       -15.891918811423919     
  -17.000000000000000        0.0000000000000000        15.891918811423919     
  -17.000000000000000        0.0000000000000000        1.1080811885760811     
  -17.000000000000000        0.0000000000000000        32.891918811423920     
  -17.000000000000000        0.0000000000000000        18.108081188576080     
  -17.000000000000000        0.0000000000000000        49.891918811423920     
  -17.000000000000000        0.0000000000000000        35.108081188576080     
  -17.000000000000000        17.000000000000000       -18.108081188576080     
  -17.000000000000000        17.000000000000000       -32.891918811423920     
  -17.000000000000000        17.000000000000000       -1.1080811885760813     
  -17.000000000000000        17.000000000000000       -15.891918811423919     
  -17.000000000000000        17.000000000000000        15.891918811423919     
  -17.000000000000000        17.000000000000000        1.1080811885760811     
  -17.000000000000000        17.000000000000000        32.891918811423920     
  -17.000000000000000        17.000000000000000        18.108081188576080     
  -17.000000000000000        17.000000000000000        49.891918811423920     
  -17.000000000000000        17.000000000000000        35.108081188576080     
  -17.000000000000000        34.000000000000000       -18.108081188576080     
  -17.000000000000000        34.000000000000000       -32.891918811423920     
  -17.000000000000000        34.000000000000000       -1.1080811885760813     
  -17.000000000000000        34.000000000000000       -15.891918811423919     
  -17.000000000000000        34.000000000000000        15.891918811423919     
  -17.000000000000000        34.000000000000000        1.1080811885760811     
  -17.000000000000000        34.000000000000000        32.891918811423920     
  -17.000000000000000        34.000000000000000        18.108081188576080     
  -17.000000000000000        34.000000000000000        49.891918811423920     
  -17.000000000000000        34.000000000000000        35.108081188576080     
   0.0000000000000000       -34.000000000000000       -18.108081188576080     
   0.0000000000000000       -34.000000000000000       -32.891918811423920     
   0.0000000000000000       -34.000000000000000       -1.1080811885760813     
   0.0000000000000000       -34.000000000000000       -15.891918811423919     
   0.0000000000000000       -34.000000000000000        15.891918811423919     
   0.0000000000000000       -34.000000000000000        1.1080811885760811     
   0.0000000000000000       -34.000000000000000        32.891918811423920     
   0.0000000000000000       -34.000000000000000        18.108081188576080     
   0.0000000000000000       -34.000000000000000        49.891918811423920     
   0.0000000000000000       -34.000000000000000        35.108081188576080     
   0.0000000000000000       -17.000000000000000       -18.108081188576080     
   0.0000000000000000       -17.000000000000000       -32.891918811423920     
   0.0000000000000000       -17.000000000000000       -1.1080811885760813     
   0.0000000000000000       -17.000000000000000       -15.891918811423919     
   0.0000000000000000       -17.000000000000000        15.891918811423919     
   0.0000000000000000       -17.000000000000000        1.1080811885760811     
   0.0000000000000000       -17.000000000000000        32.891918811423920     
   0.0000000000000000       -17.000000000000000        18.108081188576080     
   0.0000000000000000       -17.000000000000000        49.891918811423920     
   0.0000000000000000       -17.000000000000000        35.108081188576080     
   0.0000000000000000        0.0000000000000000       -18.108081188576080     
   0.0000000000000000        0.0000000000000000       -32.891918811423920     
   0.0000000000000000        0.0000000000000000       -1.1080811885760813     
   0.0000000000000000        0.0000000000000000       -15.891918811423919     
   0.0000000000000000        0.0000000000000000        15.891918811423919     
   0.0000000000000000        0.0000000000000000        1.1080811885760811     
   0.0000000000000000        0.0000000000000000        32.891918811423920     
   0.0000000000000000        0.0000000000000000        18.108081188576080     
   0.0000000000000000        0.0000000000000000        49.891918811423920     
   0.0000000000000000        0.0000000000000000        35.108081188576080     
   0.0000000000000000        17.000000000000000       -18.108081188576080     
   0.0000000000000000        17.000000000000000       -32.891918811423920     
   0.0000000000000000        17.000000000000000       -1.1080811885760813     
   0.0000000000000000        17.000000000000000       -15.891918811423919     
   0.0000000000000000        17.000000000000000        15.891918811423919     
   0.0000000000000000        17.000000000000000        1.1080811885760811     
   0.0000000000000000        17.000000000000000        32.891918811423920     
   0.0000000000000000        17.000000000000000        18.108081188576080     
   0.0000000000000000        17.000000000000000        49.891918811423920     
   0.0000000000000000        17.000000000000000        35.108081188576080     
   0.0000000000000000        34.000000000000000       -18.108081188576080     
   0.0000000000000000        34.000000000000000       -32.891918811423920     
   0.0000000000000000        34.000000000000000       -1.1080811885760813     
   0.0000000000000000        34.000000000000000       -15.891918811423919     
   0.0000000000000000        34.000000000000000        15.891918811423919     
   0.0000000000000000        34.000000000000000        1.1080811885760811     
   0.0000000000000000        34.000000000000000        32.891918811423920     
   0.0000000000000000        34.000000000000000        18.108081188576080     
   0.0000000000000000        34.000000000000000        49.891918811423920     
   0.0000000000000000        34.000000000000000        35.108081188576080     
   17.000000000000000       -34.000000000000000       -18.108081188576080     
   17.000000000000000       -34.000000000000000       -32.891918811423920     
   17.000000000000000       -34.000000000000000       -1.1080811885760813     
   17.000000000000000       -34.000000000000000       -15.891918811423919     
   17.000000000000000       -34.000000000000000        15.891918811423919     
   17.000000000000000       -34.000000000000000        1.1080811885760811     
   17.000000000000000       -34.000000000000000        32.891918811423920     
   17.000000000000000       -34.000000000000000        18.108081188576080     
   17.000000000000000       -34.000000000000000        49.891918811423920     
   17.000000000000000       -34.000000000000000        35.108081188576080     
   17.000000000000000       -17.000000000000000       -18.108081188576080     
   17.000000000000000       -17.000000000000000       -32.891918811423920     
   17.000000000000000       -17.000000000000000       -1.1080811885760813     
   17.000000000000000       -17.000000000000000       -15.891918811423919     
   17.000000000000000       -17.000000000000000        15.891918811423919     
   17.000000000000000       -17.000000000000000        1.1080811885760811     
   17.000000000000000       -17.000000000000000        32.891918811423920     
   17.000000000000000       -17.000000000000000        18.108081188576080     
   17.000000000000000       -17.000000000000000        49.891918811423920     
   17.000000000000000       -17.000000000000000        35.108081188576080     
   17.000000000000000        0.0000000000000000       -18.108081188576080     
   17.000000000000000        0.0000000000000000       -32.891918811423920     
   17.000000000000000        0.0000000000000000       -1.1080811885760813     
   17.000000000000000        0.0000000000000000       -15.891918811423919     
   17.000000000000000        0.0000000000000000        15.891918811423919     
   17.000000000000000        0.0000000000000000        1.1080811885760811     
   17.000000000000000        0.0000000000000000        32.891918811423920     
   17.000000000000000        0.0000000000000000        18.108081188576080     
   17.000000000000000        0.0000000000000000        49.891918811423920     
   17.000000000000000        0.0000000000000000        35.108081188576080     
   17.000000000000000        17.000000000000000       -18.108081188576080     
   17.000000000000000        17.000000000000000       -32.891918811423920     
   17.000000000000000        17.000000000000000       -1.1080811885760813     
   17.000000000000000        17.000000000000000       -15.891918811423919     
   17.000000000000000        17.000000000000000        15.891918811423919     
   17.000000000000000        17.000000000000000        1.1080811885760811     
   17.000000000000000        17.000000000000000        32.891918811423920     
   17.000000000000000        17.000000000000000        18.108081188576080     
   17.000000000000000        17.000000000000000        49.891918811423920     
   17.000000000000000        17.000000000000000        35.108081188576080     
   17.000000000000000        34.000000000000000       -18.108081188576080     
   17.000000000000000        34.000000000000000       -32.891918811423920     
   17.000000000000000        34.000000000000000       -1.1080811885760813     
   17.000000000000000        34.000000000000000       -15.891918811423919     
   17.000000000000000        34.000000000000000        15.891918811423919     
   17.000000000000000        34.000000000000000        1.1080811885760811     
   17.000000000000000        34.000000000000000        32.891918811423920     
   17.000000000000000        34.000000000000000        18.108081188576080     
   17.000000000000000        34.000000000000000        49.891918811423920     
   17.000000000000000        34.000000000000000        35.108081188576080     
   34.000000000000000       -34.000000000000000       -18.108081188576080     
   34.000000000000000       -34.000000000000000       -32.891918811423920     
   34.000000000000000       -34.000000000000000       -1.1080811885760813     
   34.000000000000000       -34.000000000000000       -15.891918811423919     
   34.000000000000000       -34.000000000000000        15.891918811423919     
   34.000000000000000       -34.000000000000000        1.1080811885760811     
   34.000000000000000       -34.000000000000000        32.891918811423920     
   34.000000000000000       -34.000000000000000        18.108081188576080     
   34.000000000000000       -34.000000000000000        49.891918811423920     
   34.000000000000000       -34.000000000000000        35.108081188576080     
   34.000000000000000       -17.000000000000000       -18.108081188576080     
   34.000000000000000       -17.000000000000000       -32.891918811423920     
   34.000000000000000       -17.000000000000000       -1.1080811885760813     
   34.000000000000000       -17.000000000000000       -15.891918811423919     
   34.000000000000000       -17.000000000000000        15.891918811423919     
   34.000000000000000       -17.000000000000000        1.1080811885760811     
   34.000000000000000       -17.000000000000000        32.891918811423920     
   34.000000000000000       -17.000000000000000        18.108081188576080     
   34.000000000000000       -17.000000000000000        49.891918811423920     
   34.000000000000000       -17.000000000000000        35.108081188576080     
   34.000000000000000        0.0000000000000000       -18.108081188576080     
   34.000000000000000        0.0000000000000000       -32.891918811423920     
   34.000000000000000        0.0000000000000000       -1.1080811885760813     
   34.000000000000000        0.0000000000000000       -15.891918811423919     
   34.000000000000000        0.0000000000000000        15.891918811423919     
   34.000000000000000        0.0000000000000000        1.1080811885760811     
   34.000000000000000        0.0000000000000000        32.891918811423920     
   34.000000000000000        0.0000000000000000        18.108081188576080     
   34.000000000000000        0.0000000000000000        49.891918811423920     
   34.000000000000000        0.0000000000000000        35.108081188576080     
   34.000000000000000        17.000000000000000       -18.108081188576080     
   34.000000000000000        17.000000000000000       -32.891918811423920     
   34.000000000000000        17.000000000000000       -1.1080811885760813     
   34.000000000000000        17.000000000000000       -15.891918811423919     
   34.000000000000000        17.000000000000000        15.891918811423919     
   34.000000000000000        17.000000000000000        1.1080811885760811     
   34.000000000000000        17.000000000000000        32.891918811423920     
   34.000000000000000        17.000000000000000        18.108081188576080     
   34.000000000000000        17.000000000000000        49.891918811423920     
   34.000000000000000        17.000000000000000        35.108081188576080     
   34.000000000000000        34.000000000000000       -18.108081188576080     
   34.000000000000000        34.000000000000000       -32.891918811423920     
   34.000000000000000        34.000000000000000       -1.1080811885760813     
   34.000000000000000        34.000000000000000       -15.891918811423919     
   34.000000000000000        34.000000000000000        15.891918811423919     
   34.000000000000000        34.000000000000000        1.1080811885760811     
   34.000000000000000        34.000000000000000        32.891918811423920     
   34.000000000000000        34.000000000000000        18.108081188576080     
   34.000000000000000        34.000000000000000        49.891918811423920     
   34.000000000000000        34.000000000000000        35.108081188576080     
           1           1   58.889727457341827     
           1           2   68.497173760764653     
           1           1   51.000000000000000     
           1           2   57.638635775281472     
           1           1   48.083261120685229     
           1           2   50.304690187483821     
           1           1   51.000000000000000     
           1           2   48.134305600911134     
           1           1   58.889727457341827     
           1           2   51.780893160557575     
           1           1   51.000000000000000     
           1           2   61.845475284877423     
           1           1   41.641325627314025     
           1           2   49.550099233357315     
           1           1   38.013155617496423     
           1           2   40.786785296940614     
           1           1   41.641325627314025     
           1           2   38.077701817230313     
           1           1   51.000000000000000     
           1           2   42.594141574928798     
           1           1   48.083261120685229     
           1           2   59.463121455338893     
           1           1   38.013155617496423     
           1           2   46.542586241372078     
           1           1   34.000000000000000     
           1           2   37.075084016880275     
           1           1   38.013155617496423     
           1           2   34.072149560629498     
           1           1   48.083261120685229     
           1           2   39.054588674124815     
           1           1   51.000000000000000     
           1           2   61.845475284877423     
           1           1   41.641325627314025     
           1           2   49.550099233357315     
           1           1   38.013155617496423     
           1           2   40.786785296940614     
           1           1   41.641325627314025     
           1           2   38.077701817230313     
           1           1   51.000000000000000     
           1           2   42.594141574928798     
           1           1   58.889727457341827     
           1           2   68.497173760764653     
           1           1   51.000000000000000     
           1           2   57.638635775281472     
           1           1   48.083261120685229     
           1           2   50.304690187483821     
           1           1   51.000000000000000     
           1           2   48.134305600911134     
           1           1   58.889727457341827     
           1           2   51.780893160557575     
           1           1   51.000000000000000     
           1           2   61.845475284877423     
           1           1   41.641325627314025     
           1           2   49.550099233357315     
           1           1   38.013155617496423     
           1           2   40.786785296940614     
           1           1   41.641325627314025     
           1           2   38.077701817230313     
           1           1   51.000000000000000     
           1           2   42.594141574928798     
           1           1   41.641325627314025     
           1           2   54.386237351120222     
           1           1   29.444863728670914     
           1           2   39.852381786231518     
           1           1   24.041630560342615     
           1           2   28.223427411615535     
           1           1   29.444863728670914     
           1           2   24.143557643435749     
           1           1   41.641325627314025     
           1           2   30.777603813569993     
           1           1   38.013155617496423     
           1           2   51.661037670689353     
           1           1   24.041630560342615     
           1           2   36.044588137965420     
           1           1   17.000000000000000     
           1           2   22.529133468882712     
           1           1   24.041630560342615     
           1           2   17.143843667098249     
           1           1   38.013155617496423     
           1           2   25.656595575116317     
           1           1   41.641325627314025     
           1           2   54.386237351120222     
           1           1   29.444863728670914     
           1           2   39.852381786231518     
           1           1   24.041630560342615     
           1           2   28.223427411615535     
           1           1   29.444863728670914     
           1           2   24.143557643435749     
           1           1   41.641325627314025     
           1           2   30.777603813569993     
           1           1   51.000000000000000     
           1           2   61.845475284877423     
           1           1   41.641325627314025     
           1           2   49.550099233357315     
           1           1   38.013155617496423     
           1           2   40.786785296940614     
           1           1   41.641325627314025     
           1           2   38.077701817230313     
           1           1   51.000000000000000     
           1           2   42.594141574928798     
           1           1   48.083261120685229     
           1           2   59.463121455338893     
           1           1   38.013155617496423     
           1           2   46.542586241372078     
           1           1   34.000000000000000     
           1           2   37.075084016880275     
           1           1   38.013155617496423     
           1           2   34.072149560629498     
           1           1   48.083261120685229     
           1           2   39.054588674124815     
           1           1   38.013155617496423     
           1           2   51.661037670689353     
           1           1   24.041630560342615     
           1           2   36.044588137965420     
           1           1   17.000000000000000     
           1           2   22.529133468882712     
           1           1   24.041630560342615     
           1           2   17.143843667098249     
           1           1   38.013155617496423     
           1           2   25.656595575116317     
           1           1   34.000000000000000     
           1           2   48.783837622847841     
           1           1   17.000000000000000     
           1           2   31.783837622847837     
           1           1   0.0000000000000000     
           1           2   14.783837622847837     
           1           1   17.000000000000000     
           1           2   2.2161623771521608     
           1           1   34.000000000000000     
           1           2   19.216162377152159     
           1           1   38.013155617496423     
           1           2   51.661037670689353     
           1           1   24.041630560342615     
           1           2   36.044588137965420     
           1           1   17.000000000000000     
           1           2   22.529133468882712     
           1           1   24.041630560342615     
           1           2   17.143843667098249     
           1           1   38.013155617496423     
           1           2   25.656595575116317     
           1           1   48.083261120685229     
           1           2   59.463121455338893     
           1           1   38.013155617496423     
           1           2   46.542586241372078     
           1           1   34.000000000000000     
           1           2   37.075084016880275     
           1           1   38.013155617496423     
           1           2   34.072149560629498     
           1           1   48.083261120685229     
           1           2   39.054588674124815     
           1           1   51.000000000000000     
           1           2   61.845475284877423     
           1           1   41.641325627314025     
           1           2   49.550099233357315     
           1           1   38.013155617496423     
           1           2   40.786785296940614     
           1           1   41.641325627314025     
           1           2   38.077701817230313     
           1           1   51.000000000000000     
           1           2   42.594141574928798     
           1           1   41.641325627314025     
           1           2   54.386237351120222     
           1           1   29.444863728670914     
           1           2   39.852381786231518     
           1           1   24.041630560342615     
           1           2   28.223427411615535     
           1           1   29.444863728670914     
           1           2   24.143557643435749     
           1           1   41.641325627314025     
           1           2   30.777603813569993     
           1           1   38.013155617496423     
           1           2   51.661037670689353     
           1           1   24.041630560342615     
           1           2   36.044588137965420     
           1           1   17.000000000000000     
           1           2   22.529133468882712     
           1           1   24.041630560342615     
           1           2   17.143843667098249     
           1           1   38.013155617496423     
           1           2   25.656595575116317     
           1           1   41.641325627314025     
           1           2   54.386237351120222     
           1           1   29.444863728670914     
           1           2   39.852381786231518     
           1           1   24.041630560342615     
           1           2   28.223427411615535     
           1           1   29.444863728670914     
           1           2   24.143557643435749     
           1           1   41.641325627314025     
           1           2   30.777603813569993     
           1           1   51.000000000000000     
           1           2   61.845475284877423     
           1           1   41.641325627314025     
           1           2   49.550099233357315     
           1           1   38.013155617496423     
           1           2   40.786785296940614     
           1           1   41.641325627314025     
           1           2   38.077701817230313     
           1           1   51.000000000000000     
           1           2   42.594141574928798     
           1           1   58.889727457341827     
           1           2   68.497173760764653     
           1           1   51.000000000000000     
           1           2   57.638635775281472     
           1           1   48.083261120685229     
           1           2   50.304690187483821     
           1           1   51.000000000000000     
           1           2   48.134305600911134     
           1           1   58.889727457341827     
           1           2   51.780893160557575     
           1           1   51.000000000000000     
           1           2   61.845475284877423     
           1           1   41.641325627314025     
           1           2   49.550099233357315     
           1           1   38.013155617496423     
           1           2   40.786785296940614     
           1           1   41.641325627314025     
           1           2   38.077701817230313     
           1           1   51.000000000000000     
           1           2   42.594141574928798     
           1           1   48.083261120685229     
           1           2   59.463121455338893     
           1           1   38.013155617496423     
           1           2   46.542586241372078     
           1           1   34.000000000000000     
           1           2   37.075084016880275     
           1           1   38.013155617496423     
           1           2   34.072149560629498     
           1           1   48.083261120685229     
           1           2   39.054588674124815     
           1           1   51.000000000000000     
           1           2   61.845475284877423     
           1           1   41.641325627314025     
           1           2   49.550099233357315     
           1           1   38.013155617496423     
           1           2   40.786785296940614     
           1           1   41.641325627314025     
           1           2   38.077701817230313     
           1           1   51.000000000000000     
           1           2   42.594141574928798     
           1           1   58.889727457341827     
           1           2   68.497173760764653     
           1           1   51.000000000000000     
           1           2   57.638635775281472     
           1           1   48.083261120685229     
           1           2   50.304690187483821     
           1           1   51.000000000000000     
           1           2   48.134305600911134     
           1           1   58.889727457341827     
           1           2   51.780893160557575     
           2           1   51.780893160557575     
           2           2   58.889727457341827     
           2           1   48.134305600911134     
           2           2   51.000000000000000     
           2           1   50.304690187483821     
           2           2   48.083261120685229     
           2           1   57.638635775281479     
           2           2   51.000000000000000     
           2           1   68.497173760764653     
           2           2   58.889727457341827     
           2           1   42.594141574928798     
           2           2   51.000000000000000     
           2           1   38.077701817230313     
           2           2   41.641325627314025     
           2           1   40.786785296940614     
           2           2   38.013155617496423     
           2           1   49.550099233357322     
           2           2   41.641325627314025     
           2           1   61.845475284877423     
           2           2   51.000000000000000     
           2           1   39.054588674124815     
           2           2   48.083261120685229     
           2           1   34.072149560629498     
           2           2   38.013155617496423     
           2           1   37.075084016880275     
           2           2   34.000000000000000     
           2           1   46.542586241372085     
           2           2   38.013155617496423     
           2           1   59.463121455338893     
           2           2   48.083261120685229     
           2           1   42.594141574928798     
           2           2   51.000000000000000     
           2           1   38.077701817230313     
           2           2   41.641325627314025     
           2           1   40.786785296940614     
           2           2   38.013155617496423     
           2           1   49.550099233357322     
           2           2   41.641325627314025     
           2           1   61.845475284877423     
           2           2   51.000000000000000     
           2           1   51.780893160557575     
           2           2   58.889727457341827     
           2           1   48.134305600911134     
           2           2   51.000000000000000     
           2           1   50.304690187483821     
           2           2   48.083261120685229     
           2           1   57.638635775281479     
           2           2   51.000000000000000     
           2           1   68.497173760764653     
           2           2   58.889727457341827     
           2           1   42.594141574928798     
           2           2   51.000000000000000     
           2           1   38.077701817230313     
           2           2   41.641325627314025     
           2           1   40.786785296940614     
           2           2   38.013155617496423     
           2           1   49.550099233357322     
           2           2   41.641325627314025     
           2           1   61.845475284877423     
           2           2   51.000000000000000     
           2           1   30.777603813569993     
           2           2   41.641325627314025     
           2           1   24.143557643435749     
           2           2   29.444863728670914     
           2           1   28.223427411615535     
           2           2   24.041630560342615     
           2           1   39.852381786231518     
           2           2   29.444863728670914     
           2           1   54.386237351120222     
           2           2   41.641325627314025     
           2           1   25.656595575116317     
           2           2   38.013155617496423     
           2           1   17.143843667098249     
           2           2   24.041630560342615     
           2           1   22.529133468882712     
           2           2   17.000000000000000     
           2           1   36.044588137965427     
           2           2   24.041630560342615     
           2           1   51.661037670689353     
           2           2   38.013155617496423     
           2           1   30.777603813569993     
           2           2   41.641325627314025     
           2           1   24.143557643435749     
           2           2   29.444863728670914     
           2           1   28.223427411615535     
           2           2   24.041630560342615     
           2           1   39.852381786231518     
           2           2   29.444863728670914     
           2           1   54.386237351120222     
           2           2   41.641325627314025     
           2           1   42.594141574928798     
           2           2   51.000000000000000     
           2           1   38.077701817230313     
           2           2   41.641325627314025     
           2           1   40.786785296940614     
           2           2   38.013155617496423     
           2           1   49.550099233357322     
           2           2   41.641325627314025     
           2           1   61.845475284877423     
           2           2   51.000000000000000     
           2           1   39.054588674124815     
           2           2   48.083261120685229     
           2           1   34.072149560629498     
           2           2   38.013155617496423     
           2           1   37.075084016880275     
           2           2   34.000000000000000     
           2           1   46.542586241372085     
           2           2   38.013155617496423     
           2           1   59.463121455338893     
           2           2   48.083261120685229     
           2           1   25.656595575116317     
           2           2   38.013155617496423     
           2           1   17.143843667098249     
           2           2   24.041630560342615     
           2           1   22.529133468882712     
           2           2   17.000000000000000     
           2           1   36.044588137965427     
           2           2   24.041630560342615     
           2           1   51.661037670689353     
           2           2   38.013155617496423     
           2           1   19.216162377152159     
           2           2   34.000000000000000     
           2           1   2.2161623771521626     
           2           2   17.000000000000000     
           2           1   14.783837622847837     
           2           2   0.0000000000000000     
           2           1   31.783837622847841     
           2           2   17.000000000000000     
           2           1   48.783837622847841     
           2           2   34.000000000000000     
           2           1   25.656595575116317     
           2           2   38.013155617496423     
           2           1   17.143843667098249     
           2           2   24.041630560342615     
           2           1   22.529133468882712     
           2           2   17.000000000000000     
           2           1   36.044588137965427     
           2           2   24.041630560342615     
           2           1   51.661037670689353     
           2           2   38.013155617496423     
           2           1   39.054588674124815     
           2           2   48.083261120685229     
           2           1   34.072149560629498     
           2           2   38.013155617496423     
           2           1   37.075084016880275     
           2           2   34.000000000000000     
           2           1   46.542586241372085     
           2           2   38.013155617496423     
           2           1   59.463121455338893     
           2           2   48.083261120685229     
           2           1   42.594141574928798     
           2           2   51.000000000000000     
           2           1   38.077701817230313     
           2           2   41.641325627314025     
           2           1   40.786785296940614     
           2           2   38.013155617496423     
           2           1   49.550099233357322     
           2           2   41.641325627314025     
           2           1   61.845475284877423     
           2           2   51.000000000000000     
           2           1   30.777603813569993     
           2           2   41.641325627314025     
           2           1   24.143557643435749     
           2           2   29.444863728670914     
           2           1   28.223427411615535     
           2           2   24.041630560342615     
           2           1   39.852381786231518     
           2           2   29.444863728670914     
           2           1   54.386237351120222     
           2           2   41.641325627314025     
           2           1   25.656595575116317     
           2           2   38.013155617496423     
           2           1   17.143843667098249     
           2           2   24.041630560342615     
           2           1   22.529133468882712     
           2           2   17.000000000000000     
           2           1   36.044588137965427     
           2           2   24.041630560342615     
           2           1   51.661037670689353     
           2           2   38.013155617496423     
           2           1   30.777603813569993     
           2           2   41.641325627314025     
           2           1   24.143557643435749     
           2           2   29.444863728670914     
           2           1   28.223427411615535     
           2           2   24.041630560342615     
           2           1   39.852381786231518     
           2           2   29.444863728670914     
           2           1   54.386237351120222     
           2           2   41.641325627314025     
           2           1   42.594141574928798     
           2           2   51.000000000000000     
           2           1   38.077701817230313     
           2           2   41.641325627314025     
           2           1   40.786785296940614     
           2           2   38.013155617496423     
           2           1   49.550099233357322     
           2           2   41.641325627314025     
           2           1   61.845475284877423     
           2           2   51.000000000000000     
           2           1   51.780893160557575     
           2           2   58.889727457341827     
           2           1   48.134305600911134     
           2           2   51.000000000000000     
           2           1   50.304690187483821     
           2           2   48.083261120685229     
           2           1   57.638635775281479     
           2           2   51.000000000000000     
           2           1   68.497173760764653     
           2           2   58.889727457341827     
           2           1   42.594141574928798     
           2           2   51.000000000000000     
           2           1   38.077701817230313     
           2           2   41.641325627314025     
           2           1   40.786785296940614     
           2           2   38.013155617496423     
           2           1   49.550099233357322     
           2           2   41.641325627314025     
           2           1   61.845475284877423     
           2           2   51.000000000000000     
           2           1   39.054588674124815     
           2           2   48.083261120685229     
           2           1   34.072149560629498     
           2           2   38.013155617496423     
           2           1   37.075084016880275     
           2           2   34.000000000000000     
           2           1   46.542586241372085     
           2           2   38.013155617496423     
           2           1   59.463121455338893     
           2           2   48.083261120685229     
           2           1   42.594141574928798     
           2           2   51.000000000000000     
           2           1   38.077701817230313     
           2           2   41.641325627314025     
           2           1   40.786785296940614     
           2           2   38.013155617496423     
           2           1   49.550099233357322     
           2           2   41.641325627314025     
           2           1   61.845475284877423     
           2           2   51.000000000000000     
           2           1   51.780893160557575     
           2           2   58.889727457341827     
           2           1   48.134305600911134     
           2           2   51.000000000000000     
           2           1   50.304690187483821     
           2           2   48.083261120685229     
           2           1   57.638635775281479     
           2           2   51.000000000000000     
           2           1   68.497173760764653     
           2           2   58.889727457341827     
   1   2  2.2162
   2   1  2.2162
