           2
  0.0000000000000000  0.0000000000000000  0.9356744421685963
  0.0000000000000000  0.0000000000000000  0.0643255578314036
           1           1  -2.0000000000000000       -2.0000000000000000       -1.0643255578314037     
           2           2  -2.0000000000000000       -2.0000000000000000       -1.9356744421685963     
           3           1  -2.0000000000000000       -2.0000000000000000       -6.4325557831403701E-002
           4           2  -2.0000000000000000       -2.0000000000000000      -0.93567444216859641     
           5           1  -2.0000000000000000       -2.0000000000000000       0.93567444216859630     
           6           2  -2.0000000000000000       -2.0000000000000000        6.4325557831403604E-002
           7           1  -2.0000000000000000       -2.0000000000000000        1.9356744421685963     
           8           2  -2.0000000000000000       -2.0000000000000000        1.0643255578314037     
           9           1  -2.0000000000000000       -2.0000000000000000        2.9356744421685965     
          10           2  -2.0000000000000000       -2.0000000000000000        2.0643255578314035     
          11           1  -2.0000000000000000       -1.0000000000000000       -1.0643255578314037     
          12           2  -2.0000000000000000       -1.0000000000000000       -1.9356744421685963     
          13           1  -2.0000000000000000       -1.0000000000000000       -6.4325557831403701E-002
          14           2  -2.0000000000000000       -1.0000000000000000      -0.93567444216859641     
          15           1  -2.0000000000000000       -1.0000000000000000       0.93567444216859630     
          16           2  -2.0000000000000000       -1.0000000000000000        6.4325557831403604E-002
          17           1  -2.0000000000000000       -1.0000000000000000        1.9356744421685963     
          18           2  -2.0000000000000000       -1.0000000000000000        1.0643255578314037     
          19           1  -2.0000000000000000       -1.0000000000000000        2.9356744421685965     
          20           2  -2.0000000000000000       -1.0000000000000000        2.0643255578314035     
          21           1  -2.0000000000000000        0.0000000000000000       -1.0643255578314037     
          22           2  -2.0000000000000000        0.0000000000000000       -1.9356744421685963     
          23           1  -2.0000000000000000        0.0000000000000000       -6.4325557831403701E-002
          24           2  -2.0000000000000000        0.0000000000000000      -0.93567444216859641     
          25           1  -2.0000000000000000        0.0000000000000000       0.93567444216859630     
          26           2  -2.0000000000000000        0.0000000000000000        6.4325557831403604E-002
          27           1  -2.0000000000000000        0.0000000000000000        1.9356744421685963     
          28           2  -2.0000000000000000        0.0000000000000000        1.0643255578314037     
          29           1  -2.0000000000000000        0.0000000000000000        2.9356744421685965     
          30           2  -2.0000000000000000        0.0000000000000000        2.0643255578314035     
          31           1  -2.0000000000000000        1.0000000000000000       -1.0643255578314037     
          32           2  -2.0000000000000000        1.0000000000000000       -1.9356744421685963     
          33           1  -2.0000000000000000        1.0000000000000000       -6.4325557831403701E-002
          34           2  -2.0000000000000000        1.0000000000000000      -0.93567444216859641     
          35           1  -2.0000000000000000        1.0000000000000000       0.93567444216859630     
          36           2  -2.0000000000000000        1.0000000000000000        6.4325557831403604E-002
          37           1  -2.0000000000000000        1.0000000000000000        1.9356744421685963     
          38           2  -2.0000000000000000        1.0000000000000000        1.0643255578314037     
          39           1  -2.0000000000000000        1.0000000000000000        2.9356744421685965     
          40           2  -2.0000000000000000        1.0000000000000000        2.0643255578314035     
          41           1  -2.0000000000000000        2.0000000000000000       -1.0643255578314037     
          42           2  -2.0000000000000000        2.0000000000000000       -1.9356744421685963     
          43           1  -2.0000000000000000        2.0000000000000000       -6.4325557831403701E-002
          44           2  -2.0000000000000000        2.0000000000000000      -0.93567444216859641     
          45           1  -2.0000000000000000        2.0000000000000000       0.93567444216859630     
          46           2  -2.0000000000000000        2.0000000000000000        6.4325557831403604E-002
          47           1  -2.0000000000000000        2.0000000000000000        1.9356744421685963     
          48           2  -2.0000000000000000        2.0000000000000000        1.0643255578314037     
          49           1  -2.0000000000000000        2.0000000000000000        2.9356744421685965     
          50           2  -2.0000000000000000        2.0000000000000000        2.0643255578314035     
          51           1  -1.0000000000000000       -2.0000000000000000       -1.0643255578314037     
          52           2  -1.0000000000000000       -2.0000000000000000       -1.9356744421685963     
          53           1  -1.0000000000000000       -2.0000000000000000       -6.4325557831403701E-002
          54           2  -1.0000000000000000       -2.0000000000000000      -0.93567444216859641     
          55           1  -1.0000000000000000       -2.0000000000000000       0.93567444216859630     
          56           2  -1.0000000000000000       -2.0000000000000000        6.4325557831403604E-002
          57           1  -1.0000000000000000       -2.0000000000000000        1.9356744421685963     
          58           2  -1.0000000000000000       -2.0000000000000000        1.0643255578314037     
          59           1  -1.0000000000000000       -2.0000000000000000        2.9356744421685965     
          60           2  -1.0000000000000000       -2.0000000000000000        2.0643255578314035     
          61           1  -1.0000000000000000       -1.0000000000000000       -1.0643255578314037     
          62           2  -1.0000000000000000       -1.0000000000000000       -1.9356744421685963     
          63           1  -1.0000000000000000       -1.0000000000000000       -6.4325557831403701E-002
          64           2  -1.0000000000000000       -1.0000000000000000      -0.93567444216859641     
          65           1  -1.0000000000000000       -1.0000000000000000       0.93567444216859630     
          66           2  -1.0000000000000000       -1.0000000000000000        6.4325557831403604E-002
          67           1  -1.0000000000000000       -1.0000000000000000        1.9356744421685963     
          68           2  -1.0000000000000000       -1.0000000000000000        1.0643255578314037     
          69           1  -1.0000000000000000       -1.0000000000000000        2.9356744421685965     
          70           2  -1.0000000000000000       -1.0000000000000000        2.0643255578314035     
          71           1  -1.0000000000000000        0.0000000000000000       -1.0643255578314037     
          72           2  -1.0000000000000000        0.0000000000000000       -1.9356744421685963     
          73           1  -1.0000000000000000        0.0000000000000000       -6.4325557831403701E-002
          74           2  -1.0000000000000000        0.0000000000000000      -0.93567444216859641     
          75           1  -1.0000000000000000        0.0000000000000000       0.93567444216859630     
          76           2  -1.0000000000000000        0.0000000000000000        6.4325557831403604E-002
          77           1  -1.0000000000000000        0.0000000000000000        1.9356744421685963     
          78           2  -1.0000000000000000        0.0000000000000000        1.0643255578314037     
          79           1  -1.0000000000000000        0.0000000000000000        2.9356744421685965     
          80           2  -1.0000000000000000        0.0000000000000000        2.0643255578314035     
          81           1  -1.0000000000000000        1.0000000000000000       -1.0643255578314037     
          82           2  -1.0000000000000000        1.0000000000000000       -1.9356744421685963     
          83           1  -1.0000000000000000        1.0000000000000000       -6.4325557831403701E-002
          84           2  -1.0000000000000000        1.0000000000000000      -0.93567444216859641     
          85           1  -1.0000000000000000        1.0000000000000000       0.93567444216859630     
          86           2  -1.0000000000000000        1.0000000000000000        6.4325557831403604E-002
          87           1  -1.0000000000000000        1.0000000000000000        1.9356744421685963     
          88           2  -1.0000000000000000        1.0000000000000000        1.0643255578314037     
          89           1  -1.0000000000000000        1.0000000000000000        2.9356744421685965     
          90           2  -1.0000000000000000        1.0000000000000000        2.0643255578314035     
          91           1  -1.0000000000000000        2.0000000000000000       -1.0643255578314037     
          92           2  -1.0000000000000000        2.0000000000000000       -1.9356744421685963     
          93           1  -1.0000000000000000        2.0000000000000000       -6.4325557831403701E-002
          94           2  -1.0000000000000000        2.0000000000000000      -0.93567444216859641     
          95           1  -1.0000000000000000        2.0000000000000000       0.93567444216859630     
          96           2  -1.0000000000000000        2.0000000000000000        6.4325557831403604E-002
          97           1  -1.0000000000000000        2.0000000000000000        1.9356744421685963     
          98           2  -1.0000000000000000        2.0000000000000000        1.0643255578314037     
          99           1  -1.0000000000000000        2.0000000000000000        2.9356744421685965     
         100           2  -1.0000000000000000        2.0000000000000000        2.0643255578314035     
         101           1   0.0000000000000000       -2.0000000000000000       -1.0643255578314037     
         102           2   0.0000000000000000       -2.0000000000000000       -1.9356744421685963     
         103           1   0.0000000000000000       -2.0000000000000000       -6.4325557831403701E-002
         104           2   0.0000000000000000       -2.0000000000000000      -0.93567444216859641     
         105           1   0.0000000000000000       -2.0000000000000000       0.93567444216859630     
         106           2   0.0000000000000000       -2.0000000000000000        6.4325557831403604E-002
         107           1   0.0000000000000000       -2.0000000000000000        1.9356744421685963     
         108           2   0.0000000000000000       -2.0000000000000000        1.0643255578314037     
         109           1   0.0000000000000000       -2.0000000000000000        2.9356744421685965     
         110           2   0.0000000000000000       -2.0000000000000000        2.0643255578314035     
         111           1   0.0000000000000000       -1.0000000000000000       -1.0643255578314037     
         112           2   0.0000000000000000       -1.0000000000000000       -1.9356744421685963     
         113           1   0.0000000000000000       -1.0000000000000000       -6.4325557831403701E-002
         114           2   0.0000000000000000       -1.0000000000000000      -0.93567444216859641     
         115           1   0.0000000000000000       -1.0000000000000000       0.93567444216859630     
         116           2   0.0000000000000000       -1.0000000000000000        6.4325557831403604E-002
         117           1   0.0000000000000000       -1.0000000000000000        1.9356744421685963     
         118           2   0.0000000000000000       -1.0000000000000000        1.0643255578314037     
         119           1   0.0000000000000000       -1.0000000000000000        2.9356744421685965     
         120           2   0.0000000000000000       -1.0000000000000000        2.0643255578314035     
         121           1   0.0000000000000000        0.0000000000000000       -1.0643255578314037     
         122           2   0.0000000000000000        0.0000000000000000       -1.9356744421685963     
         123           1   0.0000000000000000        0.0000000000000000       -6.4325557831403701E-002
         124           2   0.0000000000000000        0.0000000000000000      -0.93567444216859641     
         125           1   0.0000000000000000        0.0000000000000000       0.93567444216859630     
         126           2   0.0000000000000000        0.0000000000000000        6.4325557831403604E-002
         127           1   0.0000000000000000        0.0000000000000000        1.9356744421685963     
         128           2   0.0000000000000000        0.0000000000000000        1.0643255578314037     
         129           1   0.0000000000000000        0.0000000000000000        2.9356744421685965     
         130           2   0.0000000000000000        0.0000000000000000        2.0643255578314035     
         131           1   0.0000000000000000        1.0000000000000000       -1.0643255578314037     
         132           2   0.0000000000000000        1.0000000000000000       -1.9356744421685963     
         133           1   0.0000000000000000        1.0000000000000000       -6.4325557831403701E-002
         134           2   0.0000000000000000        1.0000000000000000      -0.93567444216859641     
         135           1   0.0000000000000000        1.0000000000000000       0.93567444216859630     
         136           2   0.0000000000000000        1.0000000000000000        6.4325557831403604E-002
         137           1   0.0000000000000000        1.0000000000000000        1.9356744421685963     
         138           2   0.0000000000000000        1.0000000000000000        1.0643255578314037     
         139           1   0.0000000000000000        1.0000000000000000        2.9356744421685965     
         140           2   0.0000000000000000        1.0000000000000000        2.0643255578314035     
         141           1   0.0000000000000000        2.0000000000000000       -1.0643255578314037     
         142           2   0.0000000000000000        2.0000000000000000       -1.9356744421685963     
         143           1   0.0000000000000000        2.0000000000000000       -6.4325557831403701E-002
         144           2   0.0000000000000000        2.0000000000000000      -0.93567444216859641     
         145           1   0.0000000000000000        2.0000000000000000       0.93567444216859630     
         146           2   0.0000000000000000        2.0000000000000000        6.4325557831403604E-002
         147           1   0.0000000000000000        2.0000000000000000        1.9356744421685963     
         148           2   0.0000000000000000        2.0000000000000000        1.0643255578314037     
         149           1   0.0000000000000000        2.0000000000000000        2.9356744421685965     
         150           2   0.0000000000000000        2.0000000000000000        2.0643255578314035     
         151           1   1.0000000000000000       -2.0000000000000000       -1.0643255578314037     
         152           2   1.0000000000000000       -2.0000000000000000       -1.9356744421685963     
         153           1   1.0000000000000000       -2.0000000000000000       -6.4325557831403701E-002
         154           2   1.0000000000000000       -2.0000000000000000      -0.93567444216859641     
         155           1   1.0000000000000000       -2.0000000000000000       0.93567444216859630     
         156           2   1.0000000000000000       -2.0000000000000000        6.4325557831403604E-002
         157           1   1.0000000000000000       -2.0000000000000000        1.9356744421685963     
         158           2   1.0000000000000000       -2.0000000000000000        1.0643255578314037     
         159           1   1.0000000000000000       -2.0000000000000000        2.9356744421685965     
         160           2   1.0000000000000000       -2.0000000000000000        2.0643255578314035     
         161           1   1.0000000000000000       -1.0000000000000000       -1.0643255578314037     
         162           2   1.0000000000000000       -1.0000000000000000       -1.9356744421685963     
         163           1   1.0000000000000000       -1.0000000000000000       -6.4325557831403701E-002
         164           2   1.0000000000000000       -1.0000000000000000      -0.93567444216859641     
         165           1   1.0000000000000000       -1.0000000000000000       0.93567444216859630     
         166           2   1.0000000000000000       -1.0000000000000000        6.4325557831403604E-002
         167           1   1.0000000000000000       -1.0000000000000000        1.9356744421685963     
         168           2   1.0000000000000000       -1.0000000000000000        1.0643255578314037     
         169           1   1.0000000000000000       -1.0000000000000000        2.9356744421685965     
         170           2   1.0000000000000000       -1.0000000000000000        2.0643255578314035     
         171           1   1.0000000000000000        0.0000000000000000       -1.0643255578314037     
         172           2   1.0000000000000000        0.0000000000000000       -1.9356744421685963     
         173           1   1.0000000000000000        0.0000000000000000       -6.4325557831403701E-002
         174           2   1.0000000000000000        0.0000000000000000      -0.93567444216859641     
         175           1   1.0000000000000000        0.0000000000000000       0.93567444216859630     
         176           2   1.0000000000000000        0.0000000000000000        6.4325557831403604E-002
         177           1   1.0000000000000000        0.0000000000000000        1.9356744421685963     
         178           2   1.0000000000000000        0.0000000000000000        1.0643255578314037     
         179           1   1.0000000000000000        0.0000000000000000        2.9356744421685965     
         180           2   1.0000000000000000        0.0000000000000000        2.0643255578314035     
         181           1   1.0000000000000000        1.0000000000000000       -1.0643255578314037     
         182           2   1.0000000000000000        1.0000000000000000       -1.9356744421685963     
         183           1   1.0000000000000000        1.0000000000000000       -6.4325557831403701E-002
         184           2   1.0000000000000000        1.0000000000000000      -0.93567444216859641     
         185           1   1.0000000000000000        1.0000000000000000       0.93567444216859630     
         186           2   1.0000000000000000        1.0000000000000000        6.4325557831403604E-002
         187           1   1.0000000000000000        1.0000000000000000        1.9356744421685963     
         188           2   1.0000000000000000        1.0000000000000000        1.0643255578314037     
         189           1   1.0000000000000000        1.0000000000000000        2.9356744421685965     
         190           2   1.0000000000000000        1.0000000000000000        2.0643255578314035     
         191           1   1.0000000000000000        2.0000000000000000       -1.0643255578314037     
         192           2   1.0000000000000000        2.0000000000000000       -1.9356744421685963     
         193           1   1.0000000000000000        2.0000000000000000       -6.4325557831403701E-002
         194           2   1.0000000000000000        2.0000000000000000      -0.93567444216859641     
         195           1   1.0000000000000000        2.0000000000000000       0.93567444216859630     
         196           2   1.0000000000000000        2.0000000000000000        6.4325557831403604E-002
         197           1   1.0000000000000000        2.0000000000000000        1.9356744421685963     
         198           2   1.0000000000000000        2.0000000000000000        1.0643255578314037     
         199           1   1.0000000000000000        2.0000000000000000        2.9356744421685965     
         200           2   1.0000000000000000        2.0000000000000000        2.0643255578314035     
         201           1   2.0000000000000000       -2.0000000000000000       -1.0643255578314037     
         202           2   2.0000000000000000       -2.0000000000000000       -1.9356744421685963     
         203           1   2.0000000000000000       -2.0000000000000000       -6.4325557831403701E-002
         204           2   2.0000000000000000       -2.0000000000000000      -0.93567444216859641     
         205           1   2.0000000000000000       -2.0000000000000000       0.93567444216859630     
         206           2   2.0000000000000000       -2.0000000000000000        6.4325557831403604E-002
         207           1   2.0000000000000000       -2.0000000000000000        1.9356744421685963     
         208           2   2.0000000000000000       -2.0000000000000000        1.0643255578314037     
         209           1   2.0000000000000000       -2.0000000000000000        2.9356744421685965     
         210           2   2.0000000000000000       -2.0000000000000000        2.0643255578314035     
         211           1   2.0000000000000000       -1.0000000000000000       -1.0643255578314037     
         212           2   2.0000000000000000       -1.0000000000000000       -1.9356744421685963     
         213           1   2.0000000000000000       -1.0000000000000000       -6.4325557831403701E-002
         214           2   2.0000000000000000       -1.0000000000000000      -0.93567444216859641     
         215           1   2.0000000000000000       -1.0000000000000000       0.93567444216859630     
         216           2   2.0000000000000000       -1.0000000000000000        6.4325557831403604E-002
         217           1   2.0000000000000000       -1.0000000000000000        1.9356744421685963     
         218           2   2.0000000000000000       -1.0000000000000000        1.0643255578314037     
         219           1   2.0000000000000000       -1.0000000000000000        2.9356744421685965     
         220           2   2.0000000000000000       -1.0000000000000000        2.0643255578314035     
         221           1   2.0000000000000000        0.0000000000000000       -1.0643255578314037     
         222           2   2.0000000000000000        0.0000000000000000       -1.9356744421685963     
         223           1   2.0000000000000000        0.0000000000000000       -6.4325557831403701E-002
         224           2   2.0000000000000000        0.0000000000000000      -0.93567444216859641     
         225           1   2.0000000000000000        0.0000000000000000       0.93567444216859630     
         226           2   2.0000000000000000        0.0000000000000000        6.4325557831403604E-002
         227           1   2.0000000000000000        0.0000000000000000        1.9356744421685963     
         228           2   2.0000000000000000        0.0000000000000000        1.0643255578314037     
         229           1   2.0000000000000000        0.0000000000000000        2.9356744421685965     
         230           2   2.0000000000000000        0.0000000000000000        2.0643255578314035     
         231           1   2.0000000000000000        1.0000000000000000       -1.0643255578314037     
         232           2   2.0000000000000000        1.0000000000000000       -1.9356744421685963     
         233           1   2.0000000000000000        1.0000000000000000       -6.4325557831403701E-002
         234           2   2.0000000000000000        1.0000000000000000      -0.93567444216859641     
         235           1   2.0000000000000000        1.0000000000000000       0.93567444216859630     
         236           2   2.0000000000000000        1.0000000000000000        6.4325557831403604E-002
         237           1   2.0000000000000000        1.0000000000000000        1.9356744421685963     
         238           2   2.0000000000000000        1.0000000000000000        1.0643255578314037     
         239           1   2.0000000000000000        1.0000000000000000        2.9356744421685965     
         240           2   2.0000000000000000        1.0000000000000000        2.0643255578314035     
         241           1   2.0000000000000000        2.0000000000000000       -1.0643255578314037     
         242           2   2.0000000000000000        2.0000000000000000       -1.9356744421685963     
         243           1   2.0000000000000000        2.0000000000000000       -6.4325557831403701E-002
         244           2   2.0000000000000000        2.0000000000000000      -0.93567444216859641     
         245           1   2.0000000000000000        2.0000000000000000       0.93567444216859630     
         246           2   2.0000000000000000        2.0000000000000000        6.4325557831403604E-002
         247           1   2.0000000000000000        2.0000000000000000        1.9356744421685963     
         248           2   2.0000000000000000        2.0000000000000000        1.0643255578314037     
         249           1   2.0000000000000000        2.0000000000000000        2.9356744421685965     
         250           2   2.0000000000000000        2.0000000000000000        2.0643255578314035     
         250
   0.0000000000000000        0.0000000000000000        15.906465516866136     
   0.0000000000000000        0.0000000000000000        1.0935344831338614     
  -34.000000000000000       -34.000000000000000       -18.093534483133862     
  -34.000000000000000       -34.000000000000000       -32.906465516866135     
  -34.000000000000000       -34.000000000000000       -1.0935344831338629     
  -34.000000000000000       -34.000000000000000       -15.906465516866138     
  -34.000000000000000       -34.000000000000000        15.906465516866136     
  -34.000000000000000       -34.000000000000000        1.0935344831338614     
  -34.000000000000000       -34.000000000000000        32.906465516866135     
  -34.000000000000000       -34.000000000000000        18.093534483133862     
  -34.000000000000000       -34.000000000000000        49.906465516866142     
  -34.000000000000000       -34.000000000000000        35.093534483133858     
  -34.000000000000000       -17.000000000000000       -18.093534483133862     
  -34.000000000000000       -17.000000000000000       -32.906465516866135     
  -34.000000000000000       -17.000000000000000       -1.0935344831338629     
  -34.000000000000000       -17.000000000000000       -15.906465516866138     
  -34.000000000000000       -17.000000000000000        15.906465516866136     
  -34.000000000000000       -17.000000000000000        1.0935344831338614     
  -34.000000000000000       -17.000000000000000        32.906465516866135     
  -34.000000000000000       -17.000000000000000        18.093534483133862     
  -34.000000000000000       -17.000000000000000        49.906465516866142     
  -34.000000000000000       -17.000000000000000        35.093534483133858     
  -34.000000000000000        0.0000000000000000       -18.093534483133862     
  -34.000000000000000        0.0000000000000000       -32.906465516866135     
  -34.000000000000000        0.0000000000000000       -1.0935344831338629     
  -34.000000000000000        0.0000000000000000       -15.906465516866138     
  -34.000000000000000        0.0000000000000000        15.906465516866136     
  -34.000000000000000        0.0000000000000000        1.0935344831338614     
  -34.000000000000000        0.0000000000000000        32.906465516866135     
  -34.000000000000000        0.0000000000000000        18.093534483133862     
  -34.000000000000000        0.0000000000000000        49.906465516866142     
  -34.000000000000000        0.0000000000000000        35.093534483133858     
  -34.000000000000000        17.000000000000000       -18.093534483133862     
  -34.000000000000000        17.000000000000000       -32.906465516866135     
  -34.000000000000000        17.000000000000000       -1.0935344831338629     
  -34.000000000000000        17.000000000000000       -15.906465516866138     
  -34.000000000000000        17.000000000000000        15.906465516866136     
  -34.000000000000000        17.000000000000000        1.0935344831338614     
  -34.000000000000000        17.000000000000000        32.906465516866135     
  -34.000000000000000        17.000000000000000        18.093534483133862     
  -34.000000000000000        17.000000000000000        49.906465516866142     
  -34.000000000000000        17.000000000000000        35.093534483133858     
  -34.000000000000000        34.000000000000000       -18.093534483133862     
  -34.000000000000000        34.000000000000000       -32.906465516866135     
  -34.000000000000000        34.000000000000000       -1.0935344831338629     
  -34.000000000000000        34.000000000000000       -15.906465516866138     
  -34.000000000000000        34.000000000000000        15.906465516866136     
  -34.000000000000000        34.000000000000000        1.0935344831338614     
  -34.000000000000000        34.000000000000000        32.906465516866135     
  -34.000000000000000        34.000000000000000        18.093534483133862     
  -34.000000000000000        34.000000000000000        49.906465516866142     
  -34.000000000000000        34.000000000000000        35.093534483133858     
  -17.000000000000000       -34.000000000000000       -18.093534483133862     
  -17.000000000000000       -34.000000000000000       -32.906465516866135     
  -17.000000000000000       -34.000000000000000       -1.0935344831338629     
  -17.000000000000000       -34.000000000000000       -15.906465516866138     
  -17.000000000000000       -34.000000000000000        15.906465516866136     
  -17.000000000000000       -34.000000000000000        1.0935344831338614     
  -17.000000000000000       -34.000000000000000        32.906465516866135     
  -17.000000000000000       -34.000000000000000        18.093534483133862     
  -17.000000000000000       -34.000000000000000        49.906465516866142     
  -17.000000000000000       -34.000000000000000        35.093534483133858     
  -17.000000000000000       -17.000000000000000       -18.093534483133862     
  -17.000000000000000       -17.000000000000000       -32.906465516866135     
  -17.000000000000000       -17.000000000000000       -1.0935344831338629     
  -17.000000000000000       -17.000000000000000       -15.906465516866138     
  -17.000000000000000       -17.000000000000000        15.906465516866136     
  -17.000000000000000       -17.000000000000000        1.0935344831338614     
  -17.000000000000000       -17.000000000000000        32.906465516866135     
  -17.000000000000000       -17.000000000000000        18.093534483133862     
  -17.000000000000000       -17.000000000000000        49.906465516866142     
  -17.000000000000000       -17.000000000000000        35.093534483133858     
  -17.000000000000000        0.0000000000000000       -18.093534483133862     
  -17.000000000000000        0.0000000000000000       -32.906465516866135     
  -17.000000000000000        0.0000000000000000       -1.0935344831338629     
  -17.000000000000000        0.0000000000000000       -15.906465516866138     
  -17.000000000000000        0.0000000000000000        15.906465516866136     
  -17.000000000000000        0.0000000000000000        1.0935344831338614     
  -17.000000000000000        0.0000000000000000        32.906465516866135     
  -17.000000000000000        0.0000000000000000        18.093534483133862     
  -17.000000000000000        0.0000000000000000        49.906465516866142     
  -17.000000000000000        0.0000000000000000        35.093534483133858     
  -17.000000000000000        17.000000000000000       -18.093534483133862     
  -17.000000000000000        17.000000000000000       -32.906465516866135     
  -17.000000000000000        17.000000000000000       -1.0935344831338629     
  -17.000000000000000        17.000000000000000       -15.906465516866138     
  -17.000000000000000        17.000000000000000        15.906465516866136     
  -17.000000000000000        17.000000000000000        1.0935344831338614     
  -17.000000000000000        17.000000000000000        32.906465516866135     
  -17.000000000000000        17.000000000000000        18.093534483133862     
  -17.000000000000000        17.000000000000000        49.906465516866142     
  -17.000000000000000        17.000000000000000        35.093534483133858     
  -17.000000000000000        34.000000000000000       -18.093534483133862     
  -17.000000000000000        34.000000000000000       -32.906465516866135     
  -17.000000000000000        34.000000000000000       -1.0935344831338629     
  -17.000000000000000        34.000000000000000       -15.906465516866138     
  -17.000000000000000        34.000000000000000        15.906465516866136     
  -17.000000000000000        34.000000000000000        1.0935344831338614     
  -17.000000000000000        34.000000000000000        32.906465516866135     
  -17.000000000000000        34.000000000000000        18.093534483133862     
  -17.000000000000000        34.000000000000000        49.906465516866142     
  -17.000000000000000        34.000000000000000        35.093534483133858     
   0.0000000000000000       -34.000000000000000       -18.093534483133862     
   0.0000000000000000       -34.000000000000000       -32.906465516866135     
   0.0000000000000000       -34.000000000000000       -1.0935344831338629     
   0.0000000000000000       -34.000000000000000       -15.906465516866138     
   0.0000000000000000       -34.000000000000000        15.906465516866136     
   0.0000000000000000       -34.000000000000000        1.0935344831338614     
   0.0000000000000000       -34.000000000000000        32.906465516866135     
   0.0000000000000000       -34.000000000000000        18.093534483133862     
   0.0000000000000000       -34.000000000000000        49.906465516866142     
   0.0000000000000000       -34.000000000000000        35.093534483133858     
   0.0000000000000000       -17.000000000000000       -18.093534483133862     
   0.0000000000000000       -17.000000000000000       -32.906465516866135     
   0.0000000000000000       -17.000000000000000       -1.0935344831338629     
   0.0000000000000000       -17.000000000000000       -15.906465516866138     
   0.0000000000000000       -17.000000000000000        15.906465516866136     
   0.0000000000000000       -17.000000000000000        1.0935344831338614     
   0.0000000000000000       -17.000000000000000        32.906465516866135     
   0.0000000000000000       -17.000000000000000        18.093534483133862     
   0.0000000000000000       -17.000000000000000        49.906465516866142     
   0.0000000000000000       -17.000000000000000        35.093534483133858     
   0.0000000000000000        0.0000000000000000       -18.093534483133862     
   0.0000000000000000        0.0000000000000000       -32.906465516866135     
   0.0000000000000000        0.0000000000000000       -1.0935344831338629     
   0.0000000000000000        0.0000000000000000       -15.906465516866138     
   0.0000000000000000        0.0000000000000000        15.906465516866136     
   0.0000000000000000        0.0000000000000000        1.0935344831338614     
   0.0000000000000000        0.0000000000000000        32.906465516866135     
   0.0000000000000000        0.0000000000000000        18.093534483133862     
   0.0000000000000000        0.0000000000000000        49.906465516866142     
   0.0000000000000000        0.0000000000000000        35.093534483133858     
   0.0000000000000000        17.000000000000000       -18.093534483133862     
   0.0000000000000000        17.000000000000000       -32.906465516866135     
   0.0000000000000000        17.000000000000000       -1.0935344831338629     
   0.0000000000000000        17.000000000000000       -15.906465516866138     
   0.0000000000000000        17.000000000000000        15.906465516866136     
   0.0000000000000000        17.000000000000000        1.0935344831338614     
   0.0000000000000000        17.000000000000000        32.906465516866135     
   0.0000000000000000        17.000000000000000        18.093534483133862     
   0.0000000000000000        17.000000000000000        49.906465516866142     
   0.0000000000000000        17.000000000000000        35.093534483133858     
   0.0000000000000000        34.000000000000000       -18.093534483133862     
   0.0000000000000000        34.000000000000000       -32.906465516866135     
   0.0000000000000000        34.000000000000000       -1.0935344831338629     
   0.0000000000000000        34.000000000000000       -15.906465516866138     
   0.0000000000000000        34.000000000000000        15.906465516866136     
   0.0000000000000000        34.000000000000000        1.0935344831338614     
   0.0000000000000000        34.000000000000000        32.906465516866135     
   0.0000000000000000        34.000000000000000        18.093534483133862     
   0.0000000000000000        34.000000000000000        49.906465516866142     
   0.0000000000000000        34.000000000000000        35.093534483133858     
   17.000000000000000       -34.000000000000000       -18.093534483133862     
   17.000000000000000       -34.000000000000000       -32.906465516866135     
   17.000000000000000       -34.000000000000000       -1.0935344831338629     
   17.000000000000000       -34.000000000000000       -15.906465516866138     
   17.000000000000000       -34.000000000000000        15.906465516866136     
   17.000000000000000       -34.000000000000000        1.0935344831338614     
   17.000000000000000       -34.000000000000000        32.906465516866135     
   17.000000000000000       -34.000000000000000        18.093534483133862     
   17.000000000000000       -34.000000000000000        49.906465516866142     
   17.000000000000000       -34.000000000000000        35.093534483133858     
   17.000000000000000       -17.000000000000000       -18.093534483133862     
   17.000000000000000       -17.000000000000000       -32.906465516866135     
   17.000000000000000       -17.000000000000000       -1.0935344831338629     
   17.000000000000000       -17.000000000000000       -15.906465516866138     
   17.000000000000000       -17.000000000000000        15.906465516866136     
   17.000000000000000       -17.000000000000000        1.0935344831338614     
   17.000000000000000       -17.000000000000000        32.906465516866135     
   17.000000000000000       -17.000000000000000        18.093534483133862     
   17.000000000000000       -17.000000000000000        49.906465516866142     
   17.000000000000000       -17.000000000000000        35.093534483133858     
   17.000000000000000        0.0000000000000000       -18.093534483133862     
   17.000000000000000        0.0000000000000000       -32.906465516866135     
   17.000000000000000        0.0000000000000000       -1.0935344831338629     
   17.000000000000000        0.0000000000000000       -15.906465516866138     
   17.000000000000000        0.0000000000000000        15.906465516866136     
   17.000000000000000        0.0000000000000000        1.0935344831338614     
   17.000000000000000        0.0000000000000000        32.906465516866135     
   17.000000000000000        0.0000000000000000        18.093534483133862     
   17.000000000000000        0.0000000000000000        49.906465516866142     
   17.000000000000000        0.0000000000000000        35.093534483133858     
   17.000000000000000        17.000000000000000       -18.093534483133862     
   17.000000000000000        17.000000000000000       -32.906465516866135     
   17.000000000000000        17.000000000000000       -1.0935344831338629     
   17.000000000000000        17.000000000000000       -15.906465516866138     
   17.000000000000000        17.000000000000000        15.906465516866136     
   17.000000000000000        17.000000000000000        1.0935344831338614     
   17.000000000000000        17.000000000000000        32.906465516866135     
   17.000000000000000        17.000000000000000        18.093534483133862     
   17.000000000000000        17.000000000000000        49.906465516866142     
   17.000000000000000        17.000000000000000        35.093534483133858     
   17.000000000000000        34.000000000000000       -18.093534483133862     
   17.000000000000000        34.000000000000000       -32.906465516866135     
   17.000000000000000        34.000000000000000       -1.0935344831338629     
   17.000000000000000        34.000000000000000       -15.906465516866138     
   17.000000000000000        34.000000000000000        15.906465516866136     
   17.000000000000000        34.000000000000000        1.0935344831338614     
   17.000000000000000        34.000000000000000        32.906465516866135     
   17.000000000000000        34.000000000000000        18.093534483133862     
   17.000000000000000        34.000000000000000        49.906465516866142     
   17.000000000000000        34.000000000000000        35.093534483133858     
   34.000000000000000       -34.000000000000000       -18.093534483133862     
   34.000000000000000       -34.000000000000000       -32.906465516866135     
   34.000000000000000       -34.000000000000000       -1.0935344831338629     
   34.000000000000000       -34.000000000000000       -15.906465516866138     
   34.000000000000000       -34.000000000000000        15.906465516866136     
   34.000000000000000       -34.000000000000000        1.0935344831338614     
   34.000000000000000       -34.000000000000000        32.906465516866135     
   34.000000000000000       -34.000000000000000        18.093534483133862     
   34.000000000000000       -34.000000000000000        49.906465516866142     
   34.000000000000000       -34.000000000000000        35.093534483133858     
   34.000000000000000       -17.000000000000000       -18.093534483133862     
   34.000000000000000       -17.000000000000000       -32.906465516866135     
   34.000000000000000       -17.000000000000000       -1.0935344831338629     
   34.000000000000000       -17.000000000000000       -15.906465516866138     
   34.000000000000000       -17.000000000000000        15.906465516866136     
   34.000000000000000       -17.000000000000000        1.0935344831338614     
   34.000000000000000       -17.000000000000000        32.906465516866135     
   34.000000000000000       -17.000000000000000        18.093534483133862     
   34.000000000000000       -17.000000000000000        49.906465516866142     
   34.000000000000000       -17.000000000000000        35.093534483133858     
   34.000000000000000        0.0000000000000000       -18.093534483133862     
   34.000000000000000        0.0000000000000000       -32.906465516866135     
   34.000000000000000        0.0000000000000000       -1.0935344831338629     
   34.000000000000000        0.0000000000000000       -15.906465516866138     
   34.000000000000000        0.0000000000000000        15.906465516866136     
   34.000000000000000        0.0000000000000000        1.0935344831338614     
   34.000000000000000        0.0000000000000000        32.906465516866135     
   34.000000000000000        0.0000000000000000        18.093534483133862     
   34.000000000000000        0.0000000000000000        49.906465516866142     
   34.000000000000000        0.0000000000000000        35.093534483133858     
   34.000000000000000        17.000000000000000       -18.093534483133862     
   34.000000000000000        17.000000000000000       -32.906465516866135     
   34.000000000000000        17.000000000000000       -1.0935344831338629     
   34.000000000000000        17.000000000000000       -15.906465516866138     
   34.000000000000000        17.000000000000000        15.906465516866136     
   34.000000000000000        17.000000000000000        1.0935344831338614     
   34.000000000000000        17.000000000000000        32.906465516866135     
   34.000000000000000        17.000000000000000        18.093534483133862     
   34.000000000000000        17.000000000000000        49.906465516866142     
   34.000000000000000        17.000000000000000        35.093534483133858     
   34.000000000000000        34.000000000000000       -18.093534483133862     
   34.000000000000000        34.000000000000000       -32.906465516866135     
   34.000000000000000        34.000000000000000       -1.0935344831338629     
   34.000000000000000        34.000000000000000       -15.906465516866138     
   34.000000000000000        34.000000000000000        15.906465516866136     
   34.000000000000000        34.000000000000000        1.0935344831338614     
   34.000000000000000        34.000000000000000        32.906465516866135     
   34.000000000000000        34.000000000000000        18.093534483133862     
   34.000000000000000        34.000000000000000        49.906465516866142     
   34.000000000000000        34.000000000000000        35.093534483133858     
           1           1   58.889727457341827     
           1           2   68.517897195578783     
           1           1   51.000000000000000     
           1           2   57.654683946380331     
           1           1   48.083261120685229     
           1           2   50.313248014912617     
           1           1   51.000000000000000     
           1           2   48.132974878592442     
           1           1   58.889727457341834     
           1           2   51.770103491458407     
           1           1   51.000000000000000     
           1           2   61.868426811289645     
           1           1   41.641325627314025     
           1           2   49.568766183525348     
           1           1   38.013155617496423     
           1           2   40.797339690353688     
           1           1   41.641325627314025     
           1           2   38.076019627361411     
           1           1   51.000000000000007     
           1           2   42.581024124794297     
           1           1   48.083261120685229     
           1           2   59.486992158823284     
           1           1   38.013155617496423     
           1           2   46.562458923010134     
           1           1   34.000000000000000     
           1           2   37.086694727491000     
           1           1   38.013155617496423     
           1           2   34.070269600682813     
           1           1   48.083261120685236     
           1           2   39.040281960000158     
           1           1   51.000000000000000     
           1           2   61.868426811289645     
           1           1   41.641325627314025     
           1           2   49.568766183525348     
           1           1   38.013155617496423     
           1           2   40.797339690353688     
           1           1   41.641325627314025     
           1           2   38.076019627361411     
           1           1   51.000000000000007     
           1           2   42.581024124794297     
           1           1   58.889727457341827     
           1           2   68.517897195578783     
           1           1   51.000000000000000     
           1           2   57.654683946380331     
           1           1   48.083261120685229     
           1           2   50.313248014912617     
           1           1   51.000000000000000     
           1           2   48.132974878592442     
           1           1   58.889727457341834     
           1           2   51.770103491458407     
           1           1   51.000000000000000     
           1           2   61.868426811289645     
           1           1   41.641325627314025     
           1           2   49.568766183525348     
           1           1   38.013155617496423     
           1           2   40.797339690353688     
           1           1   41.641325627314025     
           1           2   38.076019627361411     
           1           1   51.000000000000007     
           1           2   42.581024124794297     
           1           1   41.641325627314025     
           1           2   54.412335330363305     
           1           1   29.444863728670914     
           1           2   39.875588785082613     
           1           1   24.041630560342615     
           1           2   28.238677833958668     
           1           1   29.444863728670914     
           1           2   24.140904512118251     
           1           1   41.641325627314032     
           1           2   30.759447581455586     
           1           1   38.013155617496423     
           1           2   51.688511645276684     
           1           1   24.041630560342615     
           1           2   36.070245091446303     
           1           1   17.000000000000000     
           1           2   22.548235536513911     
           1           1   24.041630560342615     
           1           2   17.140107078522334     
           1           1   38.013155617496430     
           1           2   25.634812570337118     
           1           1   41.641325627314025     
           1           2   54.412335330363305     
           1           1   29.444863728670914     
           1           2   39.875588785082613     
           1           1   24.041630560342615     
           1           2   28.238677833958668     
           1           1   29.444863728670914     
           1           2   24.140904512118251     
           1           1   41.641325627314032     
           1           2   30.759447581455586     
           1           1   51.000000000000000     
           1           2   61.868426811289645     
           1           1   41.641325627314025     
           1           2   49.568766183525348     
           1           1   38.013155617496423     
           1           2   40.797339690353688     
           1           1   41.641325627314025     
           1           2   38.076019627361411     
           1           1   51.000000000000007     
           1           2   42.581024124794297     
           1           1   48.083261120685229     
           1           2   59.486992158823284     
           1           1   38.013155617496423     
           1           2   46.562458923010134     
           1           1   34.000000000000000     
           1           2   37.086694727491000     
           1           1   38.013155617496423     
           1           2   34.070269600682813     
           1           1   48.083261120685236     
           1           2   39.040281960000158     
           1           1   38.013155617496423     
           1           2   51.688511645276684     
           1           1   24.041630560342615     
           1           2   36.070245091446303     
           1           1   17.000000000000000     
           1           2   22.548235536513911     
           1           1   24.041630560342615     
           1           2   17.140107078522334     
           1           1   38.013155617496430     
           1           2   25.634812570337118     
           1           1   34.000000000000000     
           1           2   48.812931033732269     
           1           1   17.000000000000000     
           1           2   31.812931033732276     
           1           1   0.0000000000000000     
           1           2   14.812931033732275     
           1           1   17.000000000000000     
           1           2   2.1870689662677254     
           1           1   34.000000000000007     
           1           2   19.187068966267724     
           1           1   38.013155617496423     
           1           2   51.688511645276684     
           1           1   24.041630560342615     
           1           2   36.070245091446303     
           1           1   17.000000000000000     
           1           2   22.548235536513911     
           1           1   24.041630560342615     
           1           2   17.140107078522334     
           1           1   38.013155617496430     
           1           2   25.634812570337118     
           1           1   48.083261120685229     
           1           2   59.486992158823284     
           1           1   38.013155617496423     
           1           2   46.562458923010134     
           1           1   34.000000000000000     
           1           2   37.086694727491000     
           1           1   38.013155617496423     
           1           2   34.070269600682813     
           1           1   48.083261120685236     
           1           2   39.040281960000158     
           1           1   51.000000000000000     
           1           2   61.868426811289645     
           1           1   41.641325627314025     
           1           2   49.568766183525348     
           1           1   38.013155617496423     
           1           2   40.797339690353688     
           1           1   41.641325627314025     
           1           2   38.076019627361411     
           1           1   51.000000000000007     
           1           2   42.581024124794297     
           1           1   41.641325627314025     
           1           2   54.412335330363305     
           1           1   29.444863728670914     
           1           2   39.875588785082613     
           1           1   24.041630560342615     
           1           2   28.238677833958668     
           1           1   29.444863728670914     
           1           2   24.140904512118251     
           1           1   41.641325627314032     
           1           2   30.759447581455586     
           1           1   38.013155617496423     
           1           2   51.688511645276684     
           1           1   24.041630560342615     
           1           2   36.070245091446303     
           1           1   17.000000000000000     
           1           2   22.548235536513911     
           1           1   24.041630560342615     
           1           2   17.140107078522334     
           1           1   38.013155617496430     
           1           2   25.634812570337118     
           1           1   41.641325627314025     
           1           2   54.412335330363305     
           1           1   29.444863728670914     
           1           2   39.875588785082613     
           1           1   24.041630560342615     
           1           2   28.238677833958668     
           1           1   29.444863728670914     
           1           2   24.140904512118251     
           1           1   41.641325627314032     
           1           2   30.759447581455586     
           1           1   51.000000000000000     
           1           2   61.868426811289645     
           1           1   41.641325627314025     
           1           2   49.568766183525348     
           1           1   38.013155617496423     
           1           2   40.797339690353688     
           1           1   41.641325627314025     
           1           2   38.076019627361411     
           1           1   51.000000000000007     
           1           2   42.581024124794297     
           1           1   58.889727457341827     
           1           2   68.517897195578783     
           1           1   51.000000000000000     
           1           2   57.654683946380331     
           1           1   48.083261120685229     
           1           2   50.313248014912617     
           1           1   51.000000000000000     
           1           2   48.132974878592442     
           1           1   58.889727457341834     
           1           2   51.770103491458407     
           1           1   51.000000000000000     
           1           2   61.868426811289645     
           1           1   41.641325627314025     
           1           2   49.568766183525348     
           1           1   38.013155617496423     
           1           2   40.797339690353688     
           1           1   41.641325627314025     
           1           2   38.076019627361411     
           1           1   51.000000000000007     
           1           2   42.581024124794297     
           1           1   48.083261120685229     
           1           2   59.486992158823284     
           1           1   38.013155617496423     
           1           2   46.562458923010134     
           1           1   34.000000000000000     
           1           2   37.086694727491000     
           1           1   38.013155617496423     
           1           2   34.070269600682813     
           1           1   48.083261120685236     
           1           2   39.040281960000158     
           1           1   51.000000000000000     
           1           2   61.868426811289645     
           1           1   41.641325627314025     
           1           2   49.568766183525348     
           1           1   38.013155617496423     
           1           2   40.797339690353688     
           1           1   41.641325627314025     
           1           2   38.076019627361411     
           1           1   51.000000000000007     
           1           2   42.581024124794297     
           1           1   58.889727457341827     
           1           2   68.517897195578783     
           1           1   51.000000000000000     
           1           2   57.654683946380331     
           1           1   48.083261120685229     
           1           2   50.313248014912617     
           1           1   51.000000000000000     
           1           2   48.132974878592442     
           1           1   58.889727457341834     
           1           2   51.770103491458407     
           2           1   51.770103491458407     
           2           2   58.889727457341827     
           2           1   48.132974878592442     
           2           2   51.000000000000000     
           2           1   50.313248014912617     
           2           2   48.083261120685229     
           2           1   57.654683946380331     
           2           2   51.000000000000000     
           2           1   68.517897195578797     
           2           2   58.889727457341827     
           2           1   42.581024124794297     
           2           2   50.999999999999993     
           2           1   38.076019627361411     
           2           2   41.641325627314025     
           2           1   40.797339690353688     
           2           2   38.013155617496423     
           2           1   49.568766183525348     
           2           2   41.641325627314025     
           2           1   61.868426811289652     
           2           2   51.000000000000000     
           2           1   39.040281960000158     
           2           2   48.083261120685229     
           2           1   34.070269600682813     
           2           2   38.013155617496423     
           2           1   37.086694727491000     
           2           2   34.000000000000000     
           2           1   46.562458923010134     
           2           2   38.013155617496423     
           2           1   59.486992158823298     
           2           2   48.083261120685229     
           2           1   42.581024124794297     
           2           2   50.999999999999993     
           2           1   38.076019627361411     
           2           2   41.641325627314025     
           2           1   40.797339690353688     
           2           2   38.013155617496423     
           2           1   49.568766183525348     
           2           2   41.641325627314025     
           2           1   61.868426811289652     
           2           2   51.000000000000000     
           2           1   51.770103491458407     
           2           2   58.889727457341827     
           2           1   48.132974878592442     
           2           2   51.000000000000000     
           2           1   50.313248014912617     
           2           2   48.083261120685229     
           2           1   57.654683946380331     
           2           2   51.000000000000000     
           2           1   68.517897195578797     
           2           2   58.889727457341827     
           2           1   42.581024124794297     
           2           2   50.999999999999993     
           2           1   38.076019627361411     
           2           2   41.641325627314025     
           2           1   40.797339690353688     
           2           2   38.013155617496423     
           2           1   49.568766183525348     
           2           2   41.641325627314025     
           2           1   61.868426811289652     
           2           2   51.000000000000000     
           2           1   30.759447581455586     
           2           2   41.641325627314025     
           2           1   24.140904512118251     
           2           2   29.444863728670914     
           2           1   28.238677833958668     
           2           2   24.041630560342615     
           2           1   39.875588785082613     
           2           2   29.444863728670914     
           2           1   54.412335330363319     
           2           2   41.641325627314025     
           2           1   25.634812570337118     
           2           2   38.013155617496416     
           2           1   17.140107078522334     
           2           2   24.041630560342615     
           2           1   22.548235536513911     
           2           2   17.000000000000000     
           2           1   36.070245091446303     
           2           2   24.041630560342615     
           2           1   51.688511645276691     
           2           2   38.013155617496423     
           2           1   30.759447581455586     
           2           2   41.641325627314025     
           2           1   24.140904512118251     
           2           2   29.444863728670914     
           2           1   28.238677833958668     
           2           2   24.041630560342615     
           2           1   39.875588785082613     
           2           2   29.444863728670914     
           2           1   54.412335330363319     
           2           2   41.641325627314025     
           2           1   42.581024124794297     
           2           2   50.999999999999993     
           2           1   38.076019627361411     
           2           2   41.641325627314025     
           2           1   40.797339690353688     
           2           2   38.013155617496423     
           2           1   49.568766183525348     
           2           2   41.641325627314025     
           2           1   61.868426811289652     
           2           2   51.000000000000000     
           2           1   39.040281960000158     
           2           2   48.083261120685229     
           2           1   34.070269600682813     
           2           2   38.013155617496423     
           2           1   37.086694727491000     
           2           2   34.000000000000000     
           2           1   46.562458923010134     
           2           2   38.013155617496423     
           2           1   59.486992158823298     
           2           2   48.083261120685229     
           2           1   25.634812570337118     
           2           2   38.013155617496416     
           2           1   17.140107078522334     
           2           2   24.041630560342615     
           2           1   22.548235536513911     
           2           2   17.000000000000000     
           2           1   36.070245091446303     
           2           2   24.041630560342615     
           2           1   51.688511645276691     
           2           2   38.013155617496423     
           2           1   19.187068966267724     
           2           2   33.999999999999993     
           2           1   2.1870689662677245     
           2           2   17.000000000000000     
           2           1   14.812931033732275     
           2           2   0.0000000000000000     
           2           1   31.812931033732273     
           2           2   17.000000000000000     
           2           1   48.812931033732283     
           2           2   34.000000000000000     
           2           1   25.634812570337118     
           2           2   38.013155617496416     
           2           1   17.140107078522334     
           2           2   24.041630560342615     
           2           1   22.548235536513911     
           2           2   17.000000000000000     
           2           1   36.070245091446303     
           2           2   24.041630560342615     
           2           1   51.688511645276691     
           2           2   38.013155617496423     
           2           1   39.040281960000158     
           2           2   48.083261120685229     
           2           1   34.070269600682813     
           2           2   38.013155617496423     
           2           1   37.086694727491000     
           2           2   34.000000000000000     
           2           1   46.562458923010134     
           2           2   38.013155617496423     
           2           1   59.486992158823298     
           2           2   48.083261120685229     
           2           1   42.581024124794297     
           2           2   50.999999999999993     
           2           1   38.076019627361411     
           2           2   41.641325627314025     
           2           1   40.797339690353688     
           2           2   38.013155617496423     
           2           1   49.568766183525348     
           2           2   41.641325627314025     
           2           1   61.868426811289652     
           2           2   51.000000000000000     
           2           1   30.759447581455586     
           2           2   41.641325627314025     
           2           1   24.140904512118251     
           2           2   29.444863728670914     
           2           1   28.238677833958668     
           2           2   24.041630560342615     
           2           1   39.875588785082613     
           2           2   29.444863728670914     
           2           1   54.412335330363319     
           2           2   41.641325627314025     
           2           1   25.634812570337118     
           2           2   38.013155617496416     
           2           1   17.140107078522334     
           2           2   24.041630560342615     
           2           1   22.548235536513911     
           2           2   17.000000000000000     
           2           1   36.070245091446303     
           2           2   24.041630560342615     
           2           1   51.688511645276691     
           2           2   38.013155617496423     
           2           1   30.759447581455586     
           2           2   41.641325627314025     
           2           1   24.140904512118251     
           2           2   29.444863728670914     
           2           1   28.238677833958668     
           2           2   24.041630560342615     
           2           1   39.875588785082613     
           2           2   29.444863728670914     
           2           1   54.412335330363319     
           2           2   41.641325627314025     
           2           1   42.581024124794297     
           2           2   50.999999999999993     
           2           1   38.076019627361411     
           2           2   41.641325627314025     
           2           1   40.797339690353688     
           2           2   38.013155617496423     
           2           1   49.568766183525348     
           2           2   41.641325627314025     
           2           1   61.868426811289652     
           2           2   51.000000000000000     
           2           1   51.770103491458407     
           2           2   58.889727457341827     
           2           1   48.132974878592442     
           2           2   51.000000000000000     
           2           1   50.313248014912617     
           2           2   48.083261120685229     
           2           1   57.654683946380331     
           2           2   51.000000000000000     
           2           1   68.517897195578797     
           2           2   58.889727457341827     
           2           1   42.581024124794297     
           2           2   50.999999999999993     
           2           1   38.076019627361411     
           2           2   41.641325627314025     
           2           1   40.797339690353688     
           2           2   38.013155617496423     
           2           1   49.568766183525348     
           2           2   41.641325627314025     
           2           1   61.868426811289652     
           2           2   51.000000000000000     
           2           1   39.040281960000158     
           2           2   48.083261120685229     
           2           1   34.070269600682813     
           2           2   38.013155617496423     
           2           1   37.086694727491000     
           2           2   34.000000000000000     
           2           1   46.562458923010134     
           2           2   38.013155617496423     
           2           1   59.486992158823298     
           2           2   48.083261120685229     
           2           1   42.581024124794297     
           2           2   50.999999999999993     
           2           1   38.076019627361411     
           2           2   41.641325627314025     
           2           1   40.797339690353688     
           2           2   38.013155617496423     
           2           1   49.568766183525348     
           2           2   41.641325627314025     
           2           1   61.868426811289652     
           2           2   51.000000000000000     
           2           1   51.770103491458407     
           2           2   58.889727457341827     
           2           1   48.132974878592442     
           2           2   51.000000000000000     
           2           1   50.313248014912617     
           2           2   48.083261120685229     
           2           1   57.654683946380331     
           2           2   51.000000000000000     
           2           1   68.517897195578797     
           2           2   58.889727457341827     
   1   2  2.1871
   2   1  2.1871
