           2
  0.0000000000000000  0.0000000000000000  0.9387559842714478
  0.0000000000000000  0.0000000000000000  0.0612440157285522
           1           1  -2.0000000000000000       -2.0000000000000000       -1.0612440157285521     
           2           2  -2.0000000000000000       -2.0000000000000000       -1.9387559842714479     
           3           1  -2.0000000000000000       -2.0000000000000000       -6.1244015728552204E-002
           4           2  -2.0000000000000000       -2.0000000000000000      -0.93875598427144780     
           5           1  -2.0000000000000000       -2.0000000000000000       0.93875598427144780     
           6           2  -2.0000000000000000       -2.0000000000000000        6.1244015728552197E-002
           7           1  -2.0000000000000000       -2.0000000000000000        1.9387559842714479     
           8           2  -2.0000000000000000       -2.0000000000000000        1.0612440157285521     
           9           1  -2.0000000000000000       -2.0000000000000000        2.9387559842714479     
          10           2  -2.0000000000000000       -2.0000000000000000        2.0612440157285521     
          11           1  -2.0000000000000000       -1.0000000000000000       -1.0612440157285521     
          12           2  -2.0000000000000000       -1.0000000000000000       -1.9387559842714479     
          13           1  -2.0000000000000000       -1.0000000000000000       -6.1244015728552204E-002
          14           2  -2.0000000000000000       -1.0000000000000000      -0.93875598427144780     
          15           1  -2.0000000000000000       -1.0000000000000000       0.93875598427144780     
          16           2  -2.0000000000000000       -1.0000000000000000        6.1244015728552197E-002
          17           1  -2.0000000000000000       -1.0000000000000000        1.9387559842714479     
          18           2  -2.0000000000000000       -1.0000000000000000        1.0612440157285521     
          19           1  -2.0000000000000000       -1.0000000000000000        2.9387559842714479     
          20           2  -2.0000000000000000       -1.0000000000000000        2.0612440157285521     
          21           1  -2.0000000000000000        0.0000000000000000       -1.0612440157285521     
          22           2  -2.0000000000000000        0.0000000000000000       -1.9387559842714479     
          23           1  -2.0000000000000000        0.0000000000000000       -6.1244015728552204E-002
          24           2  -2.0000000000000000        0.0000000000000000      -0.93875598427144780     
          25           1  -2.0000000000000000        0.0000000000000000       0.93875598427144780     
          26           2  -2.0000000000000000        0.0000000000000000        6.1244015728552197E-002
          27           1  -2.0000000000000000        0.0000000000000000        1.9387559842714479     
          28           2  -2.0000000000000000        0.0000000000000000        1.0612440157285521     
          29           1  -2.0000000000000000        0.0000000000000000        2.9387559842714479     
          30           2  -2.0000000000000000        0.0000000000000000        2.0612440157285521     
          31           1  -2.0000000000000000        1.0000000000000000       -1.0612440157285521     
          32           2  -2.0000000000000000        1.0000000000000000       -1.9387559842714479     
          33           1  -2.0000000000000000        1.0000000000000000       -6.1244015728552204E-002
          34           2  -2.0000000000000000        1.0000000000000000      -0.93875598427144780     
          35           1  -2.0000000000000000        1.0000000000000000       0.93875598427144780     
          36           2  -2.0000000000000000        1.0000000000000000        6.1244015728552197E-002
          37           1  -2.0000000000000000        1.0000000000000000        1.9387559842714479     
          38           2  -2.0000000000000000        1.0000000000000000        1.0612440157285521     
          39           1  -2.0000000000000000        1.0000000000000000        2.9387559842714479     
          40           2  -2.0000000000000000        1.0000000000000000        2.0612440157285521     
          41           1  -2.0000000000000000        2.0000000000000000       -1.0612440157285521     
          42           2  -2.0000000000000000        2.0000000000000000       -1.9387559842714479     
          43           1  -2.0000000000000000        2.0000000000000000       -6.1244015728552204E-002
          44           2  -2.0000000000000000        2.0000000000000000      -0.93875598427144780     
          45           1  -2.0000000000000000        2.0000000000000000       0.93875598427144780     
          46           2  -2.0000000000000000        2.0000000000000000        6.1244015728552197E-002
          47           1  -2.0000000000000000        2.0000000000000000        1.9387559842714479     
          48           2  -2.0000000000000000        2.0000000000000000        1.0612440157285521     
          49           1  -2.0000000000000000        2.0000000000000000        2.9387559842714479     
          50           2  -2.0000000000000000        2.0000000000000000        2.0612440157285521     
          51           1  -1.0000000000000000       -2.0000000000000000       -1.0612440157285521     
          52           2  -1.0000000000000000       -2.0000000000000000       -1.9387559842714479     
          53           1  -1.0000000000000000       -2.0000000000000000       -6.1244015728552204E-002
          54           2  -1.0000000000000000       -2.0000000000000000      -0.93875598427144780     
          55           1  -1.0000000000000000       -2.0000000000000000       0.93875598427144780     
          56           2  -1.0000000000000000       -2.0000000000000000        6.1244015728552197E-002
          57           1  -1.0000000000000000       -2.0000000000000000        1.9387559842714479     
          58           2  -1.0000000000000000       -2.0000000000000000        1.0612440157285521     
          59           1  -1.0000000000000000       -2.0000000000000000        2.9387559842714479     
          60           2  -1.0000000000000000       -2.0000000000000000        2.0612440157285521     
          61           1  -1.0000000000000000       -1.0000000000000000       -1.0612440157285521     
          62           2  -1.0000000000000000       -1.0000000000000000       -1.9387559842714479     
          63           1  -1.0000000000000000       -1.0000000000000000       -6.1244015728552204E-002
          64           2  -1.0000000000000000       -1.0000000000000000      -0.93875598427144780     
          65           1  -1.0000000000000000       -1.0000000000000000       0.93875598427144780     
          66           2  -1.0000000000000000       -1.0000000000000000        6.1244015728552197E-002
          67           1  -1.0000000000000000       -1.0000000000000000        1.9387559842714479     
          68           2  -1.0000000000000000       -1.0000000000000000        1.0612440157285521     
          69           1  -1.0000000000000000       -1.0000000000000000        2.9387559842714479     
          70           2  -1.0000000000000000       -1.0000000000000000        2.0612440157285521     
          71           1  -1.0000000000000000        0.0000000000000000       -1.0612440157285521     
          72           2  -1.0000000000000000        0.0000000000000000       -1.9387559842714479     
          73           1  -1.0000000000000000        0.0000000000000000       -6.1244015728552204E-002
          74           2  -1.0000000000000000        0.0000000000000000      -0.93875598427144780     
          75           1  -1.0000000000000000        0.0000000000000000       0.93875598427144780     
          76           2  -1.0000000000000000        0.0000000000000000        6.1244015728552197E-002
          77           1  -1.0000000000000000        0.0000000000000000        1.9387559842714479     
          78           2  -1.0000000000000000        0.0000000000000000        1.0612440157285521     
          79           1  -1.0000000000000000        0.0000000000000000        2.9387559842714479     
          80           2  -1.0000000000000000        0.0000000000000000        2.0612440157285521     
          81           1  -1.0000000000000000        1.0000000000000000       -1.0612440157285521     
          82           2  -1.0000000000000000        1.0000000000000000       -1.9387559842714479     
          83           1  -1.0000000000000000        1.0000000000000000       -6.1244015728552204E-002
          84           2  -1.0000000000000000        1.0000000000000000      -0.93875598427144780     
          85           1  -1.0000000000000000        1.0000000000000000       0.93875598427144780     
          86           2  -1.0000000000000000        1.0000000000000000        6.1244015728552197E-002
          87           1  -1.0000000000000000        1.0000000000000000        1.9387559842714479     
          88           2  -1.0000000000000000        1.0000000000000000        1.0612440157285521     
          89           1  -1.0000000000000000        1.0000000000000000        2.9387559842714479     
          90           2  -1.0000000000000000        1.0000000000000000        2.0612440157285521     
          91           1  -1.0000000000000000        2.0000000000000000       -1.0612440157285521     
          92           2  -1.0000000000000000        2.0000000000000000       -1.9387559842714479     
          93           1  -1.0000000000000000        2.0000000000000000       -6.1244015728552204E-002
          94           2  -1.0000000000000000        2.0000000000000000      -0.93875598427144780     
          95           1  -1.0000000000000000        2.0000000000000000       0.93875598427144780     
          96           2  -1.0000000000000000        2.0000000000000000        6.1244015728552197E-002
          97           1  -1.0000000000000000        2.0000000000000000        1.9387559842714479     
          98           2  -1.0000000000000000        2.0000000000000000        1.0612440157285521     
          99           1  -1.0000000000000000        2.0000000000000000        2.9387559842714479     
         100           2  -1.0000000000000000        2.0000000000000000        2.0612440157285521     
         101           1   0.0000000000000000       -2.0000000000000000       -1.0612440157285521     
         102           2   0.0000000000000000       -2.0000000000000000       -1.9387559842714479     
         103           1   0.0000000000000000       -2.0000000000000000       -6.1244015728552204E-002
         104           2   0.0000000000000000       -2.0000000000000000      -0.93875598427144780     
         105           1   0.0000000000000000       -2.0000000000000000       0.93875598427144780     
         106           2   0.0000000000000000       -2.0000000000000000        6.1244015728552197E-002
         107           1   0.0000000000000000       -2.0000000000000000        1.9387559842714479     
         108           2   0.0000000000000000       -2.0000000000000000        1.0612440157285521     
         109           1   0.0000000000000000       -2.0000000000000000        2.9387559842714479     
         110           2   0.0000000000000000       -2.0000000000000000        2.0612440157285521     
         111           1   0.0000000000000000       -1.0000000000000000       -1.0612440157285521     
         112           2   0.0000000000000000       -1.0000000000000000       -1.9387559842714479     
         113           1   0.0000000000000000       -1.0000000000000000       -6.1244015728552204E-002
         114           2   0.0000000000000000       -1.0000000000000000      -0.93875598427144780     
         115           1   0.0000000000000000       -1.0000000000000000       0.93875598427144780     
         116           2   0.0000000000000000       -1.0000000000000000        6.1244015728552197E-002
         117           1   0.0000000000000000       -1.0000000000000000        1.9387559842714479     
         118           2   0.0000000000000000       -1.0000000000000000        1.0612440157285521     
         119           1   0.0000000000000000       -1.0000000000000000        2.9387559842714479     
         120           2   0.0000000000000000       -1.0000000000000000        2.0612440157285521     
         121           1   0.0000000000000000        0.0000000000000000       -1.0612440157285521     
         122           2   0.0000000000000000        0.0000000000000000       -1.9387559842714479     
         123           1   0.0000000000000000        0.0000000000000000       -6.1244015728552204E-002
         124           2   0.0000000000000000        0.0000000000000000      -0.93875598427144780     
         125           1   0.0000000000000000        0.0000000000000000       0.93875598427144780     
         126           2   0.0000000000000000        0.0000000000000000        6.1244015728552197E-002
         127           1   0.0000000000000000        0.0000000000000000        1.9387559842714479     
         128           2   0.0000000000000000        0.0000000000000000        1.0612440157285521     
         129           1   0.0000000000000000        0.0000000000000000        2.9387559842714479     
         130           2   0.0000000000000000        0.0000000000000000        2.0612440157285521     
         131           1   0.0000000000000000        1.0000000000000000       -1.0612440157285521     
         132           2   0.0000000000000000        1.0000000000000000       -1.9387559842714479     
         133           1   0.0000000000000000        1.0000000000000000       -6.1244015728552204E-002
         134           2   0.0000000000000000        1.0000000000000000      -0.93875598427144780     
         135           1   0.0000000000000000        1.0000000000000000       0.93875598427144780     
         136           2   0.0000000000000000        1.0000000000000000        6.1244015728552197E-002
         137           1   0.0000000000000000        1.0000000000000000        1.9387559842714479     
         138           2   0.0000000000000000        1.0000000000000000        1.0612440157285521     
         139           1   0.0000000000000000        1.0000000000000000        2.9387559842714479     
         140           2   0.0000000000000000        1.0000000000000000        2.0612440157285521     
         141           1   0.0000000000000000        2.0000000000000000       -1.0612440157285521     
         142           2   0.0000000000000000        2.0000000000000000       -1.9387559842714479     
         143           1   0.0000000000000000        2.0000000000000000       -6.1244015728552204E-002
         144           2   0.0000000000000000        2.0000000000000000      -0.93875598427144780     
         145           1   0.0000000000000000        2.0000000000000000       0.93875598427144780     
         146           2   0.0000000000000000        2.0000000000000000        6.1244015728552197E-002
         147           1   0.0000000000000000        2.0000000000000000        1.9387559842714479     
         148           2   0.0000000000000000        2.0000000000000000        1.0612440157285521     
         149           1   0.0000000000000000        2.0000000000000000        2.9387559842714479     
         150           2   0.0000000000000000        2.0000000000000000        2.0612440157285521     
         151           1   1.0000000000000000       -2.0000000000000000       -1.0612440157285521     
         152           2   1.0000000000000000       -2.0000000000000000       -1.9387559842714479     
         153           1   1.0000000000000000       -2.0000000000000000       -6.1244015728552204E-002
         154           2   1.0000000000000000       -2.0000000000000000      -0.93875598427144780     
         155           1   1.0000000000000000       -2.0000000000000000       0.93875598427144780     
         156           2   1.0000000000000000       -2.0000000000000000        6.1244015728552197E-002
         157           1   1.0000000000000000       -2.0000000000000000        1.9387559842714479     
         158           2   1.0000000000000000       -2.0000000000000000        1.0612440157285521     
         159           1   1.0000000000000000       -2.0000000000000000        2.9387559842714479     
         160           2   1.0000000000000000       -2.0000000000000000        2.0612440157285521     
         161           1   1.0000000000000000       -1.0000000000000000       -1.0612440157285521     
         162           2   1.0000000000000000       -1.0000000000000000       -1.9387559842714479     
         163           1   1.0000000000000000       -1.0000000000000000       -6.1244015728552204E-002
         164           2   1.0000000000000000       -1.0000000000000000      -0.93875598427144780     
         165           1   1.0000000000000000       -1.0000000000000000       0.93875598427144780     
         166           2   1.0000000000000000       -1.0000000000000000        6.1244015728552197E-002
         167           1   1.0000000000000000       -1.0000000000000000        1.9387559842714479     
         168           2   1.0000000000000000       -1.0000000000000000        1.0612440157285521     
         169           1   1.0000000000000000       -1.0000000000000000        2.9387559842714479     
         170           2   1.0000000000000000       -1.0000000000000000        2.0612440157285521     
         171           1   1.0000000000000000        0.0000000000000000       -1.0612440157285521     
         172           2   1.0000000000000000        0.0000000000000000       -1.9387559842714479     
         173           1   1.0000000000000000        0.0000000000000000       -6.1244015728552204E-002
         174           2   1.0000000000000000        0.0000000000000000      -0.93875598427144780     
         175           1   1.0000000000000000        0.0000000000000000       0.93875598427144780     
         176           2   1.0000000000000000        0.0000000000000000        6.1244015728552197E-002
         177           1   1.0000000000000000        0.0000000000000000        1.9387559842714479     
         178           2   1.0000000000000000        0.0000000000000000        1.0612440157285521     
         179           1   1.0000000000000000        0.0000000000000000        2.9387559842714479     
         180           2   1.0000000000000000        0.0000000000000000        2.0612440157285521     
         181           1   1.0000000000000000        1.0000000000000000       -1.0612440157285521     
         182           2   1.0000000000000000        1.0000000000000000       -1.9387559842714479     
         183           1   1.0000000000000000        1.0000000000000000       -6.1244015728552204E-002
         184           2   1.0000000000000000        1.0000000000000000      -0.93875598427144780     
         185           1   1.0000000000000000        1.0000000000000000       0.93875598427144780     
         186           2   1.0000000000000000        1.0000000000000000        6.1244015728552197E-002
         187           1   1.0000000000000000        1.0000000000000000        1.9387559842714479     
         188           2   1.0000000000000000        1.0000000000000000        1.0612440157285521     
         189           1   1.0000000000000000        1.0000000000000000        2.9387559842714479     
         190           2   1.0000000000000000        1.0000000000000000        2.0612440157285521     
         191           1   1.0000000000000000        2.0000000000000000       -1.0612440157285521     
         192           2   1.0000000000000000        2.0000000000000000       -1.9387559842714479     
         193           1   1.0000000000000000        2.0000000000000000       -6.1244015728552204E-002
         194           2   1.0000000000000000        2.0000000000000000      -0.93875598427144780     
         195           1   1.0000000000000000        2.0000000000000000       0.93875598427144780     
         196           2   1.0000000000000000        2.0000000000000000        6.1244015728552197E-002
         197           1   1.0000000000000000        2.0000000000000000        1.9387559842714479     
         198           2   1.0000000000000000        2.0000000000000000        1.0612440157285521     
         199           1   1.0000000000000000        2.0000000000000000        2.9387559842714479     
         200           2   1.0000000000000000        2.0000000000000000        2.0612440157285521     
         201           1   2.0000000000000000       -2.0000000000000000       -1.0612440157285521     
         202           2   2.0000000000000000       -2.0000000000000000       -1.9387559842714479     
         203           1   2.0000000000000000       -2.0000000000000000       -6.1244015728552204E-002
         204           2   2.0000000000000000       -2.0000000000000000      -0.93875598427144780     
         205           1   2.0000000000000000       -2.0000000000000000       0.93875598427144780     
         206           2   2.0000000000000000       -2.0000000000000000        6.1244015728552197E-002
         207           1   2.0000000000000000       -2.0000000000000000        1.9387559842714479     
         208           2   2.0000000000000000       -2.0000000000000000        1.0612440157285521     
         209           1   2.0000000000000000       -2.0000000000000000        2.9387559842714479     
         210           2   2.0000000000000000       -2.0000000000000000        2.0612440157285521     
         211           1   2.0000000000000000       -1.0000000000000000       -1.0612440157285521     
         212           2   2.0000000000000000       -1.0000000000000000       -1.9387559842714479     
         213           1   2.0000000000000000       -1.0000000000000000       -6.1244015728552204E-002
         214           2   2.0000000000000000       -1.0000000000000000      -0.93875598427144780     
         215           1   2.0000000000000000       -1.0000000000000000       0.93875598427144780     
         216           2   2.0000000000000000       -1.0000000000000000        6.1244015728552197E-002
         217           1   2.0000000000000000       -1.0000000000000000        1.9387559842714479     
         218           2   2.0000000000000000       -1.0000000000000000        1.0612440157285521     
         219           1   2.0000000000000000       -1.0000000000000000        2.9387559842714479     
         220           2   2.0000000000000000       -1.0000000000000000        2.0612440157285521     
         221           1   2.0000000000000000        0.0000000000000000       -1.0612440157285521     
         222           2   2.0000000000000000        0.0000000000000000       -1.9387559842714479     
         223           1   2.0000000000000000        0.0000000000000000       -6.1244015728552204E-002
         224           2   2.0000000000000000        0.0000000000000000      -0.93875598427144780     
         225           1   2.0000000000000000        0.0000000000000000       0.93875598427144780     
         226           2   2.0000000000000000        0.0000000000000000        6.1244015728552197E-002
         227           1   2.0000000000000000        0.0000000000000000        1.9387559842714479     
         228           2   2.0000000000000000        0.0000000000000000        1.0612440157285521     
         229           1   2.0000000000000000        0.0000000000000000        2.9387559842714479     
         230           2   2.0000000000000000        0.0000000000000000        2.0612440157285521     
         231           1   2.0000000000000000        1.0000000000000000       -1.0612440157285521     
         232           2   2.0000000000000000        1.0000000000000000       -1.9387559842714479     
         233           1   2.0000000000000000        1.0000000000000000       -6.1244015728552204E-002
         234           2   2.0000000000000000        1.0000000000000000      -0.93875598427144780     
         235           1   2.0000000000000000        1.0000000000000000       0.93875598427144780     
         236           2   2.0000000000000000        1.0000000000000000        6.1244015728552197E-002
         237           1   2.0000000000000000        1.0000000000000000        1.9387559842714479     
         238           2   2.0000000000000000        1.0000000000000000        1.0612440157285521     
         239           1   2.0000000000000000        1.0000000000000000        2.9387559842714479     
         240           2   2.0000000000000000        1.0000000000000000        2.0612440157285521     
         241           1   2.0000000000000000        2.0000000000000000       -1.0612440157285521     
         242           2   2.0000000000000000        2.0000000000000000       -1.9387559842714479     
         243           1   2.0000000000000000        2.0000000000000000       -6.1244015728552204E-002
         244           2   2.0000000000000000        2.0000000000000000      -0.93875598427144780     
         245           1   2.0000000000000000        2.0000000000000000       0.93875598427144780     
         246           2   2.0000000000000000        2.0000000000000000        6.1244015728552197E-002
         247           1   2.0000000000000000        2.0000000000000000        1.9387559842714479     
         248           2   2.0000000000000000        2.0000000000000000        1.0612440157285521     
         249           1   2.0000000000000000        2.0000000000000000        2.9387559842714479     
         250           2   2.0000000000000000        2.0000000000000000        2.0612440157285521     
         250
   0.0000000000000000        0.0000000000000000        15.958851732614612     
   0.0000000000000000        0.0000000000000000        1.0411482673853873     
  -34.000000000000000       -34.000000000000000       -18.041148267385385     
  -34.000000000000000       -34.000000000000000       -32.958851732614612     
  -34.000000000000000       -34.000000000000000       -1.0411482673853873     
  -34.000000000000000       -34.000000000000000       -15.958851732614612     
  -34.000000000000000       -34.000000000000000        15.958851732614612     
  -34.000000000000000       -34.000000000000000        1.0411482673853873     
  -34.000000000000000       -34.000000000000000        32.958851732614612     
  -34.000000000000000       -34.000000000000000        18.041148267385385     
  -34.000000000000000       -34.000000000000000        49.958851732614612     
  -34.000000000000000       -34.000000000000000        35.041148267385388     
  -34.000000000000000       -17.000000000000000       -18.041148267385385     
  -34.000000000000000       -17.000000000000000       -32.958851732614612     
  -34.000000000000000       -17.000000000000000       -1.0411482673853873     
  -34.000000000000000       -17.000000000000000       -15.958851732614612     
  -34.000000000000000       -17.000000000000000        15.958851732614612     
  -34.000000000000000       -17.000000000000000        1.0411482673853873     
  -34.000000000000000       -17.000000000000000        32.958851732614612     
  -34.000000000000000       -17.000000000000000        18.041148267385385     
  -34.000000000000000       -17.000000000000000        49.958851732614612     
  -34.000000000000000       -17.000000000000000        35.041148267385388     
  -34.000000000000000        0.0000000000000000       -18.041148267385385     
  -34.000000000000000        0.0000000000000000       -32.958851732614612     
  -34.000000000000000        0.0000000000000000       -1.0411482673853873     
  -34.000000000000000        0.0000000000000000       -15.958851732614612     
  -34.000000000000000        0.0000000000000000        15.958851732614612     
  -34.000000000000000        0.0000000000000000        1.0411482673853873     
  -34.000000000000000        0.0000000000000000        32.958851732614612     
  -34.000000000000000        0.0000000000000000        18.041148267385385     
  -34.000000000000000        0.0000000000000000        49.958851732614612     
  -34.000000000000000        0.0000000000000000        35.041148267385388     
  -34.000000000000000        17.000000000000000       -18.041148267385385     
  -34.000000000000000        17.000000000000000       -32.958851732614612     
  -34.000000000000000        17.000000000000000       -1.0411482673853873     
  -34.000000000000000        17.000000000000000       -15.958851732614612     
  -34.000000000000000        17.000000000000000        15.958851732614612     
  -34.000000000000000        17.000000000000000        1.0411482673853873     
  -34.000000000000000        17.000000000000000        32.958851732614612     
  -34.000000000000000        17.000000000000000        18.041148267385385     
  -34.000000000000000        17.000000000000000        49.958851732614612     
  -34.000000000000000        17.000000000000000        35.041148267385388     
  -34.000000000000000        34.000000000000000       -18.041148267385385     
  -34.000000000000000        34.000000000000000       -32.958851732614612     
  -34.000000000000000        34.000000000000000       -1.0411482673853873     
  -34.000000000000000        34.000000000000000       -15.958851732614612     
  -34.000000000000000        34.000000000000000        15.958851732614612     
  -34.000000000000000        34.000000000000000        1.0411482673853873     
  -34.000000000000000        34.000000000000000        32.958851732614612     
  -34.000000000000000        34.000000000000000        18.041148267385385     
  -34.000000000000000        34.000000000000000        49.958851732614612     
  -34.000000000000000        34.000000000000000        35.041148267385388     
  -17.000000000000000       -34.000000000000000       -18.041148267385385     
  -17.000000000000000       -34.000000000000000       -32.958851732614612     
  -17.000000000000000       -34.000000000000000       -1.0411482673853873     
  -17.000000000000000       -34.000000000000000       -15.958851732614612     
  -17.000000000000000       -34.000000000000000        15.958851732614612     
  -17.000000000000000       -34.000000000000000        1.0411482673853873     
  -17.000000000000000       -34.000000000000000        32.958851732614612     
  -17.000000000000000       -34.000000000000000        18.041148267385385     
  -17.000000000000000       -34.000000000000000        49.958851732614612     
  -17.000000000000000       -34.000000000000000        35.041148267385388     
  -17.000000000000000       -17.000000000000000       -18.041148267385385     
  -17.000000000000000       -17.000000000000000       -32.958851732614612     
  -17.000000000000000       -17.000000000000000       -1.0411482673853873     
  -17.000000000000000       -17.000000000000000       -15.958851732614612     
  -17.000000000000000       -17.000000000000000        15.958851732614612     
  -17.000000000000000       -17.000000000000000        1.0411482673853873     
  -17.000000000000000       -17.000000000000000        32.958851732614612     
  -17.000000000000000       -17.000000000000000        18.041148267385385     
  -17.000000000000000       -17.000000000000000        49.958851732614612     
  -17.000000000000000       -17.000000000000000        35.041148267385388     
  -17.000000000000000        0.0000000000000000       -18.041148267385385     
  -17.000000000000000        0.0000000000000000       -32.958851732614612     
  -17.000000000000000        0.0000000000000000       -1.0411482673853873     
  -17.000000000000000        0.0000000000000000       -15.958851732614612     
  -17.000000000000000        0.0000000000000000        15.958851732614612     
  -17.000000000000000        0.0000000000000000        1.0411482673853873     
  -17.000000000000000        0.0000000000000000        32.958851732614612     
  -17.000000000000000        0.0000000000000000        18.041148267385385     
  -17.000000000000000        0.0000000000000000        49.958851732614612     
  -17.000000000000000        0.0000000000000000        35.041148267385388     
  -17.000000000000000        17.000000000000000       -18.041148267385385     
  -17.000000000000000        17.000000000000000       -32.958851732614612     
  -17.000000000000000        17.000000000000000       -1.0411482673853873     
  -17.000000000000000        17.000000000000000       -15.958851732614612     
  -17.000000000000000        17.000000000000000        15.958851732614612     
  -17.000000000000000        17.000000000000000        1.0411482673853873     
  -17.000000000000000        17.000000000000000        32.958851732614612     
  -17.000000000000000        17.000000000000000        18.041148267385385     
  -17.000000000000000        17.000000000000000        49.958851732614612     
  -17.000000000000000        17.000000000000000        35.041148267385388     
  -17.000000000000000        34.000000000000000       -18.041148267385385     
  -17.000000000000000        34.000000000000000       -32.958851732614612     
  -17.000000000000000        34.000000000000000       -1.0411482673853873     
  -17.000000000000000        34.000000000000000       -15.958851732614612     
  -17.000000000000000        34.000000000000000        15.958851732614612     
  -17.000000000000000        34.000000000000000        1.0411482673853873     
  -17.000000000000000        34.000000000000000        32.958851732614612     
  -17.000000000000000        34.000000000000000        18.041148267385385     
  -17.000000000000000        34.000000000000000        49.958851732614612     
  -17.000000000000000        34.000000000000000        35.041148267385388     
   0.0000000000000000       -34.000000000000000       -18.041148267385385     
   0.0000000000000000       -34.000000000000000       -32.958851732614612     
   0.0000000000000000       -34.000000000000000       -1.0411482673853873     
   0.0000000000000000       -34.000000000000000       -15.958851732614612     
   0.0000000000000000       -34.000000000000000        15.958851732614612     
   0.0000000000000000       -34.000000000000000        1.0411482673853873     
   0.0000000000000000       -34.000000000000000        32.958851732614612     
   0.0000000000000000       -34.000000000000000        18.041148267385385     
   0.0000000000000000       -34.000000000000000        49.958851732614612     
   0.0000000000000000       -34.000000000000000        35.041148267385388     
   0.0000000000000000       -17.000000000000000       -18.041148267385385     
   0.0000000000000000       -17.000000000000000       -32.958851732614612     
   0.0000000000000000       -17.000000000000000       -1.0411482673853873     
   0.0000000000000000       -17.000000000000000       -15.958851732614612     
   0.0000000000000000       -17.000000000000000        15.958851732614612     
   0.0000000000000000       -17.000000000000000        1.0411482673853873     
   0.0000000000000000       -17.000000000000000        32.958851732614612     
   0.0000000000000000       -17.000000000000000        18.041148267385385     
   0.0000000000000000       -17.000000000000000        49.958851732614612     
   0.0000000000000000       -17.000000000000000        35.041148267385388     
   0.0000000000000000        0.0000000000000000       -18.041148267385385     
   0.0000000000000000        0.0000000000000000       -32.958851732614612     
   0.0000000000000000        0.0000000000000000       -1.0411482673853873     
   0.0000000000000000        0.0000000000000000       -15.958851732614612     
   0.0000000000000000        0.0000000000000000        15.958851732614612     
   0.0000000000000000        0.0000000000000000        1.0411482673853873     
   0.0000000000000000        0.0000000000000000        32.958851732614612     
   0.0000000000000000        0.0000000000000000        18.041148267385385     
   0.0000000000000000        0.0000000000000000        49.958851732614612     
   0.0000000000000000        0.0000000000000000        35.041148267385388     
   0.0000000000000000        17.000000000000000       -18.041148267385385     
   0.0000000000000000        17.000000000000000       -32.958851732614612     
   0.0000000000000000        17.000000000000000       -1.0411482673853873     
   0.0000000000000000        17.000000000000000       -15.958851732614612     
   0.0000000000000000        17.000000000000000        15.958851732614612     
   0.0000000000000000        17.000000000000000        1.0411482673853873     
   0.0000000000000000        17.000000000000000        32.958851732614612     
   0.0000000000000000        17.000000000000000        18.041148267385385     
   0.0000000000000000        17.000000000000000        49.958851732614612     
   0.0000000000000000        17.000000000000000        35.041148267385388     
   0.0000000000000000        34.000000000000000       -18.041148267385385     
   0.0000000000000000        34.000000000000000       -32.958851732614612     
   0.0000000000000000        34.000000000000000       -1.0411482673853873     
   0.0000000000000000        34.000000000000000       -15.958851732614612     
   0.0000000000000000        34.000000000000000        15.958851732614612     
   0.0000000000000000        34.000000000000000        1.0411482673853873     
   0.0000000000000000        34.000000000000000        32.958851732614612     
   0.0000000000000000        34.000000000000000        18.041148267385385     
   0.0000000000000000        34.000000000000000        49.958851732614612     
   0.0000000000000000        34.000000000000000        35.041148267385388     
   17.000000000000000       -34.000000000000000       -18.041148267385385     
   17.000000000000000       -34.000000000000000       -32.958851732614612     
   17.000000000000000       -34.000000000000000       -1.0411482673853873     
   17.000000000000000       -34.000000000000000       -15.958851732614612     
   17.000000000000000       -34.000000000000000        15.958851732614612     
   17.000000000000000       -34.000000000000000        1.0411482673853873     
   17.000000000000000       -34.000000000000000        32.958851732614612     
   17.000000000000000       -34.000000000000000        18.041148267385385     
   17.000000000000000       -34.000000000000000        49.958851732614612     
   17.000000000000000       -34.000000000000000        35.041148267385388     
   17.000000000000000       -17.000000000000000       -18.041148267385385     
   17.000000000000000       -17.000000000000000       -32.958851732614612     
   17.000000000000000       -17.000000000000000       -1.0411482673853873     
   17.000000000000000       -17.000000000000000       -15.958851732614612     
   17.000000000000000       -17.000000000000000        15.958851732614612     
   17.000000000000000       -17.000000000000000        1.0411482673853873     
   17.000000000000000       -17.000000000000000        32.958851732614612     
   17.000000000000000       -17.000000000000000        18.041148267385385     
   17.000000000000000       -17.000000000000000        49.958851732614612     
   17.000000000000000       -17.000000000000000        35.041148267385388     
   17.000000000000000        0.0000000000000000       -18.041148267385385     
   17.000000000000000        0.0000000000000000       -32.958851732614612     
   17.000000000000000        0.0000000000000000       -1.0411482673853873     
   17.000000000000000        0.0000000000000000       -15.958851732614612     
   17.000000000000000        0.0000000000000000        15.958851732614612     
   17.000000000000000        0.0000000000000000        1.0411482673853873     
   17.000000000000000        0.0000000000000000        32.958851732614612     
   17.000000000000000        0.0000000000000000        18.041148267385385     
   17.000000000000000        0.0000000000000000        49.958851732614612     
   17.000000000000000        0.0000000000000000        35.041148267385388     
   17.000000000000000        17.000000000000000       -18.041148267385385     
   17.000000000000000        17.000000000000000       -32.958851732614612     
   17.000000000000000        17.000000000000000       -1.0411482673853873     
   17.000000000000000        17.000000000000000       -15.958851732614612     
   17.000000000000000        17.000000000000000        15.958851732614612     
   17.000000000000000        17.000000000000000        1.0411482673853873     
   17.000000000000000        17.000000000000000        32.958851732614612     
   17.000000000000000        17.000000000000000        18.041148267385385     
   17.000000000000000        17.000000000000000        49.958851732614612     
   17.000000000000000        17.000000000000000        35.041148267385388     
   17.000000000000000        34.000000000000000       -18.041148267385385     
   17.000000000000000        34.000000000000000       -32.958851732614612     
   17.000000000000000        34.000000000000000       -1.0411482673853873     
   17.000000000000000        34.000000000000000       -15.958851732614612     
   17.000000000000000        34.000000000000000        15.958851732614612     
   17.000000000000000        34.000000000000000        1.0411482673853873     
   17.000000000000000        34.000000000000000        32.958851732614612     
   17.000000000000000        34.000000000000000        18.041148267385385     
   17.000000000000000        34.000000000000000        49.958851732614612     
   17.000000000000000        34.000000000000000        35.041148267385388     
   34.000000000000000       -34.000000000000000       -18.041148267385385     
   34.000000000000000       -34.000000000000000       -32.958851732614612     
   34.000000000000000       -34.000000000000000       -1.0411482673853873     
   34.000000000000000       -34.000000000000000       -15.958851732614612     
   34.000000000000000       -34.000000000000000        15.958851732614612     
   34.000000000000000       -34.000000000000000        1.0411482673853873     
   34.000000000000000       -34.000000000000000        32.958851732614612     
   34.000000000000000       -34.000000000000000        18.041148267385385     
   34.000000000000000       -34.000000000000000        49.958851732614612     
   34.000000000000000       -34.000000000000000        35.041148267385388     
   34.000000000000000       -17.000000000000000       -18.041148267385385     
   34.000000000000000       -17.000000000000000       -32.958851732614612     
   34.000000000000000       -17.000000000000000       -1.0411482673853873     
   34.000000000000000       -17.000000000000000       -15.958851732614612     
   34.000000000000000       -17.000000000000000        15.958851732614612     
   34.000000000000000       -17.000000000000000        1.0411482673853873     
   34.000000000000000       -17.000000000000000        32.958851732614612     
   34.000000000000000       -17.000000000000000        18.041148267385385     
   34.000000000000000       -17.000000000000000        49.958851732614612     
   34.000000000000000       -17.000000000000000        35.041148267385388     
   34.000000000000000        0.0000000000000000       -18.041148267385385     
   34.000000000000000        0.0000000000000000       -32.958851732614612     
   34.000000000000000        0.0000000000000000       -1.0411482673853873     
   34.000000000000000        0.0000000000000000       -15.958851732614612     
   34.000000000000000        0.0000000000000000        15.958851732614612     
   34.000000000000000        0.0000000000000000        1.0411482673853873     
   34.000000000000000        0.0000000000000000        32.958851732614612     
   34.000000000000000        0.0000000000000000        18.041148267385385     
   34.000000000000000        0.0000000000000000        49.958851732614612     
   34.000000000000000        0.0000000000000000        35.041148267385388     
   34.000000000000000        17.000000000000000       -18.041148267385385     
   34.000000000000000        17.000000000000000       -32.958851732614612     
   34.000000000000000        17.000000000000000       -1.0411482673853873     
   34.000000000000000        17.000000000000000       -15.958851732614612     
   34.000000000000000        17.000000000000000        15.958851732614612     
   34.000000000000000        17.000000000000000        1.0411482673853873     
   34.000000000000000        17.000000000000000        32.958851732614612     
   34.000000000000000        17.000000000000000        18.041148267385385     
   34.000000000000000        17.000000000000000        49.958851732614612     
   34.000000000000000        17.000000000000000        35.041148267385388     
   34.000000000000000        34.000000000000000       -18.041148267385385     
   34.000000000000000        34.000000000000000       -32.958851732614612     
   34.000000000000000        34.000000000000000       -1.0411482673853873     
   34.000000000000000        34.000000000000000       -15.958851732614612     
   34.000000000000000        34.000000000000000        15.958851732614612     
   34.000000000000000        34.000000000000000        1.0411482673853873     
   34.000000000000000        34.000000000000000        32.958851732614612     
   34.000000000000000        34.000000000000000        18.041148267385385     
   34.000000000000000        34.000000000000000        49.958851732614612     
   34.000000000000000        34.000000000000000        35.041148267385388     
           1           1   58.889727457341827     
           1           2   68.592577676539463     
           1           1   51.000000000000000     
           1           2   57.712561843105746     
           1           1   48.083261120685229     
           1           2   50.344194071178777     
           1           1   51.000000000000000     
           1           2   48.128328028913678     
           1           1   58.889727457341827     
           1           2   51.731364190797493     
           1           1   51.000000000000000     
           1           2   61.951123575865026     
           1           1   41.641325627314025     
           1           2   49.636073520115445     
           1           1   38.013155617496423     
           1           2   40.835497752280574     
           1           1   41.641325627314025     
           1           2   38.070145243467593     
           1           1   51.000000000000000     
           1           2   42.533916361427671     
           1           1   48.083261120685229     
           1           2   59.572994824098771     
           1           1   38.013155617496423     
           1           2   46.634105486160081     
           1           1   34.000000000000000     
           1           2   37.128666508191650     
           1           1   38.013155617496423     
           1           2   34.063704420669197     
           1           1   48.083261120685229     
           1           2   38.988896381417682     
           1           1   51.000000000000000     
           1           2   61.951123575865026     
           1           1   41.641325627314025     
           1           2   49.636073520115445     
           1           1   38.013155617496423     
           1           2   40.835497752280574     
           1           1   41.641325627314025     
           1           2   38.070145243467593     
           1           1   51.000000000000000     
           1           2   42.533916361427671     
           1           1   58.889727457341827     
           1           2   68.592577676539463     
           1           1   51.000000000000000     
           1           2   57.712561843105746     
           1           1   48.083261120685229     
           1           2   50.344194071178777     
           1           1   51.000000000000000     
           1           2   48.128328028913678     
           1           1   58.889727457341827     
           1           2   51.731364190797493     
           1           1   51.000000000000000     
           1           2   61.951123575865026     
           1           1   41.641325627314025     
           1           2   49.636073520115445     
           1           1   38.013155617496423     
           1           2   40.835497752280574     
           1           1   41.641325627314025     
           1           2   38.070145243467593     
           1           1   51.000000000000000     
           1           2   42.533916361427671     
           1           1   41.641325627314025     
           1           2   54.506345615094205     
           1           1   29.444863728670914     
           1           2   39.959226650353301     
           1           1   24.041630560342615     
           1           2   28.293778055899711     
           1           1   29.444863728670914     
           1           2   24.131638130444408     
           1           1   41.641325627314025     
           1           2   30.694202075325638     
           1           1   38.013155617496423     
           1           2   51.787466749321688     
           1           1   24.041630560342615     
           1           2   36.162685111787610     
           1           1   17.000000000000000     
           1           2   22.617203113482269     
           1           1   24.041630560342615     
           1           2   17.127053420209744     
           1           1   38.013155617496423     
           1           2   25.556487259420546     
           1           1   41.641325627314025     
           1           2   54.506345615094205     
           1           1   29.444863728670914     
           1           2   39.959226650353301     
           1           1   24.041630560342615     
           1           2   28.293778055899711     
           1           1   29.444863728670914     
           1           2   24.131638130444408     
           1           1   41.641325627314025     
           1           2   30.694202075325638     
           1           1   51.000000000000000     
           1           2   61.951123575865026     
           1           1   41.641325627314025     
           1           2   49.636073520115445     
           1           1   38.013155617496423     
           1           2   40.835497752280574     
           1           1   41.641325627314025     
           1           2   38.070145243467593     
           1           1   51.000000000000000     
           1           2   42.533916361427671     
           1           1   48.083261120685229     
           1           2   59.572994824098771     
           1           1   38.013155617496423     
           1           2   46.634105486160081     
           1           1   34.000000000000000     
           1           2   37.128666508191650     
           1           1   38.013155617496423     
           1           2   34.063704420669197     
           1           1   48.083261120685229     
           1           2   38.988896381417682     
           1           1   38.013155617496423     
           1           2   51.787466749321688     
           1           1   24.041630560342615     
           1           2   36.162685111787610     
           1           1   17.000000000000000     
           1           2   22.617203113482269     
           1           1   24.041630560342615     
           1           2   17.127053420209744     
           1           1   38.013155617496423     
           1           2   25.556487259420546     
           1           1   34.000000000000000     
           1           2   48.917703465229224     
           1           1   17.000000000000000     
           1           2   31.917703465229224     
           1           1   0.0000000000000000     
           1           2   14.917703465229224     
           1           1   17.000000000000000     
           1           2   2.0822965347707729     
           1           1   34.000000000000000     
           1           2   19.082296534770776     
           1           1   38.013155617496423     
           1           2   51.787466749321688     
           1           1   24.041630560342615     
           1           2   36.162685111787610     
           1           1   17.000000000000000     
           1           2   22.617203113482269     
           1           1   24.041630560342615     
           1           2   17.127053420209744     
           1           1   38.013155617496423     
           1           2   25.556487259420546     
           1           1   48.083261120685229     
           1           2   59.572994824098771     
           1           1   38.013155617496423     
           1           2   46.634105486160081     
           1           1   34.000000000000000     
           1           2   37.128666508191650     
           1           1   38.013155617496423     
           1           2   34.063704420669197     
           1           1   48.083261120685229     
           1           2   38.988896381417682     
           1           1   51.000000000000000     
           1           2   61.951123575865026     
           1           1   41.641325627314025     
           1           2   49.636073520115445     
           1           1   38.013155617496423     
           1           2   40.835497752280574     
           1           1   41.641325627314025     
           1           2   38.070145243467593     
           1           1   51.000000000000000     
           1           2   42.533916361427671     
           1           1   41.641325627314025     
           1           2   54.506345615094205     
           1           1   29.444863728670914     
           1           2   39.959226650353301     
           1           1   24.041630560342615     
           1           2   28.293778055899711     
           1           1   29.444863728670914     
           1           2   24.131638130444408     
           1           1   41.641325627314025     
           1           2   30.694202075325638     
           1           1   38.013155617496423     
           1           2   51.787466749321688     
           1           1   24.041630560342615     
           1           2   36.162685111787610     
           1           1   17.000000000000000     
           1           2   22.617203113482269     
           1           1   24.041630560342615     
           1           2   17.127053420209744     
           1           1   38.013155617496423     
           1           2   25.556487259420546     
           1           1   41.641325627314025     
           1           2   54.506345615094205     
           1           1   29.444863728670914     
           1           2   39.959226650353301     
           1           1   24.041630560342615     
           1           2   28.293778055899711     
           1           1   29.444863728670914     
           1           2   24.131638130444408     
           1           1   41.641325627314025     
           1           2   30.694202075325638     
           1           1   51.000000000000000     
           1           2   61.951123575865026     
           1           1   41.641325627314025     
           1           2   49.636073520115445     
           1           1   38.013155617496423     
           1           2   40.835497752280574     
           1           1   41.641325627314025     
           1           2   38.070145243467593     
           1           1   51.000000000000000     
           1           2   42.533916361427671     
           1           1   58.889727457341827     
           1           2   68.592577676539463     
           1           1   51.000000000000000     
           1           2   57.712561843105746     
           1           1   48.083261120685229     
           1           2   50.344194071178777     
           1           1   51.000000000000000     
           1           2   48.128328028913678     
           1           1   58.889727457341827     
           1           2   51.731364190797493     
           1           1   51.000000000000000     
           1           2   61.951123575865026     
           1           1   41.641325627314025     
           1           2   49.636073520115445     
           1           1   38.013155617496423     
           1           2   40.835497752280574     
           1           1   41.641325627314025     
           1           2   38.070145243467593     
           1           1   51.000000000000000     
           1           2   42.533916361427671     
           1           1   48.083261120685229     
           1           2   59.572994824098771     
           1           1   38.013155617496423     
           1           2   46.634105486160081     
           1           1   34.000000000000000     
           1           2   37.128666508191650     
           1           1   38.013155617496423     
           1           2   34.063704420669197     
           1           1   48.083261120685229     
           1           2   38.988896381417682     
           1           1   51.000000000000000     
           1           2   61.951123575865026     
           1           1   41.641325627314025     
           1           2   49.636073520115445     
           1           1   38.013155617496423     
           1           2   40.835497752280574     
           1           1   41.641325627314025     
           1           2   38.070145243467593     
           1           1   51.000000000000000     
           1           2   42.533916361427671     
           1           1   58.889727457341827     
           1           2   68.592577676539463     
           1           1   51.000000000000000     
           1           2   57.712561843105746     
           1           1   48.083261120685229     
           1           2   50.344194071178777     
           1           1   51.000000000000000     
           1           2   48.128328028913678     
           1           1   58.889727457341827     
           1           2   51.731364190797493     
           2           1   51.731364190797493     
           2           2   58.889727457341827     
           2           1   48.128328028913678     
           2           2   51.000000000000000     
           2           1   50.344194071178777     
           2           2   48.083261120685229     
           2           1   57.712561843105746     
           2           2   51.000000000000000     
           2           1   68.592577676539463     
           2           2   58.889727457341827     
           2           1   42.533916361427671     
           2           2   51.000000000000000     
           2           1   38.070145243467593     
           2           2   41.641325627314025     
           2           1   40.835497752280574     
           2           2   38.013155617496423     
           2           1   49.636073520115445     
           2           2   41.641325627314025     
           2           1   61.951123575865026     
           2           2   51.000000000000000     
           2           1   38.988896381417682     
           2           2   48.083261120685229     
           2           1   34.063704420669197     
           2           2   38.013155617496423     
           2           1   37.128666508191650     
           2           2   34.000000000000000     
           2           1   46.634105486160081     
           2           2   38.013155617496423     
           2           1   59.572994824098771     
           2           2   48.083261120685229     
           2           1   42.533916361427671     
           2           2   51.000000000000000     
           2           1   38.070145243467593     
           2           2   41.641325627314025     
           2           1   40.835497752280574     
           2           2   38.013155617496423     
           2           1   49.636073520115445     
           2           2   41.641325627314025     
           2           1   61.951123575865026     
           2           2   51.000000000000000     
           2           1   51.731364190797493     
           2           2   58.889727457341827     
           2           1   48.128328028913678     
           2           2   51.000000000000000     
           2           1   50.344194071178777     
           2           2   48.083261120685229     
           2           1   57.712561843105746     
           2           2   51.000000000000000     
           2           1   68.592577676539463     
           2           2   58.889727457341827     
           2           1   42.533916361427671     
           2           2   51.000000000000000     
           2           1   38.070145243467593     
           2           2   41.641325627314025     
           2           1   40.835497752280574     
           2           2   38.013155617496423     
           2           1   49.636073520115445     
           2           2   41.641325627314025     
           2           1   61.951123575865026     
           2           2   51.000000000000000     
           2           1   30.694202075325638     
           2           2   41.641325627314025     
           2           1   24.131638130444408     
           2           2   29.444863728670914     
           2           1   28.293778055899711     
           2           2   24.041630560342615     
           2           1   39.959226650353301     
           2           2   29.444863728670914     
           2           1   54.506345615094205     
           2           2   41.641325627314025     
           2           1   25.556487259420546     
           2           2   38.013155617496423     
           2           1   17.127053420209744     
           2           2   24.041630560342615     
           2           1   22.617203113482269     
           2           2   17.000000000000000     
           2           1   36.162685111787610     
           2           2   24.041630560342615     
           2           1   51.787466749321688     
           2           2   38.013155617496423     
           2           1   30.694202075325638     
           2           2   41.641325627314025     
           2           1   24.131638130444408     
           2           2   29.444863728670914     
           2           1   28.293778055899711     
           2           2   24.041630560342615     
           2           1   39.959226650353301     
           2           2   29.444863728670914     
           2           1   54.506345615094205     
           2           2   41.641325627314025     
           2           1   42.533916361427671     
           2           2   51.000000000000000     
           2           1   38.070145243467593     
           2           2   41.641325627314025     
           2           1   40.835497752280574     
           2           2   38.013155617496423     
           2           1   49.636073520115445     
           2           2   41.641325627314025     
           2           1   61.951123575865026     
           2           2   51.000000000000000     
           2           1   38.988896381417682     
           2           2   48.083261120685229     
           2           1   34.063704420669197     
           2           2   38.013155617496423     
           2           1   37.128666508191650     
           2           2   34.000000000000000     
           2           1   46.634105486160081     
           2           2   38.013155617496423     
           2           1   59.572994824098771     
           2           2   48.083261120685229     
           2           1   25.556487259420546     
           2           2   38.013155617496423     
           2           1   17.127053420209744     
           2           2   24.041630560342615     
           2           1   22.617203113482269     
           2           2   17.000000000000000     
           2           1   36.162685111787610     
           2           2   24.041630560342615     
           2           1   51.787466749321688     
           2           2   38.013155617496423     
           2           1   19.082296534770773     
           2           2   34.000000000000000     
           2           1   2.0822965347707747     
           2           2   17.000000000000000     
           2           1   14.917703465229224     
           2           2   0.0000000000000000     
           2           1   31.917703465229224     
           2           2   16.999999999999996     
           2           1   48.917703465229224     
           2           2   34.000000000000000     
           2           1   25.556487259420546     
           2           2   38.013155617496423     
           2           1   17.127053420209744     
           2           2   24.041630560342615     
           2           1   22.617203113482269     
           2           2   17.000000000000000     
           2           1   36.162685111787610     
           2           2   24.041630560342615     
           2           1   51.787466749321688     
           2           2   38.013155617496423     
           2           1   38.988896381417682     
           2           2   48.083261120685229     
           2           1   34.063704420669197     
           2           2   38.013155617496423     
           2           1   37.128666508191650     
           2           2   34.000000000000000     
           2           1   46.634105486160081     
           2           2   38.013155617496423     
           2           1   59.572994824098771     
           2           2   48.083261120685229     
           2           1   42.533916361427671     
           2           2   51.000000000000000     
           2           1   38.070145243467593     
           2           2   41.641325627314025     
           2           1   40.835497752280574     
           2           2   38.013155617496423     
           2           1   49.636073520115445     
           2           2   41.641325627314025     
           2           1   61.951123575865026     
           2           2   51.000000000000000     
           2           1   30.694202075325638     
           2           2   41.641325627314025     
           2           1   24.131638130444408     
           2           2   29.444863728670914     
           2           1   28.293778055899711     
           2           2   24.041630560342615     
           2           1   39.959226650353301     
           2           2   29.444863728670914     
           2           1   54.506345615094205     
           2           2   41.641325627314025     
           2           1   25.556487259420546     
           2           2   38.013155617496423     
           2           1   17.127053420209744     
           2           2   24.041630560342615     
           2           1   22.617203113482269     
           2           2   17.000000000000000     
           2           1   36.162685111787610     
           2           2   24.041630560342615     
           2           1   51.787466749321688     
           2           2   38.013155617496423     
           2           1   30.694202075325638     
           2           2   41.641325627314025     
           2           1   24.131638130444408     
           2           2   29.444863728670914     
           2           1   28.293778055899711     
           2           2   24.041630560342615     
           2           1   39.959226650353301     
           2           2   29.444863728670914     
           2           1   54.506345615094205     
           2           2   41.641325627314025     
           2           1   42.533916361427671     
           2           2   51.000000000000000     
           2           1   38.070145243467593     
           2           2   41.641325627314025     
           2           1   40.835497752280574     
           2           2   38.013155617496423     
           2           1   49.636073520115445     
           2           2   41.641325627314025     
           2           1   61.951123575865026     
           2           2   51.000000000000000     
           2           1   51.731364190797493     
           2           2   58.889727457341827     
           2           1   48.128328028913678     
           2           2   51.000000000000000     
           2           1   50.344194071178777     
           2           2   48.083261120685229     
           2           1   57.712561843105746     
           2           2   51.000000000000000     
           2           1   68.592577676539463     
           2           2   58.889727457341827     
           2           1   42.533916361427671     
           2           2   51.000000000000000     
           2           1   38.070145243467593     
           2           2   41.641325627314025     
           2           1   40.835497752280574     
           2           2   38.013155617496423     
           2           1   49.636073520115445     
           2           2   41.641325627314025     
           2           1   61.951123575865026     
           2           2   51.000000000000000     
           2           1   38.988896381417682     
           2           2   48.083261120685229     
           2           1   34.063704420669197     
           2           2   38.013155617496423     
           2           1   37.128666508191650     
           2           2   34.000000000000000     
           2           1   46.634105486160081     
           2           2   38.013155617496423     
           2           1   59.572994824098771     
           2           2   48.083261120685229     
           2           1   42.533916361427671     
           2           2   51.000000000000000     
           2           1   38.070145243467593     
           2           2   41.641325627314025     
           2           1   40.835497752280574     
           2           2   38.013155617496423     
           2           1   49.636073520115445     
           2           2   41.641325627314025     
           2           1   61.951123575865026     
           2           2   51.000000000000000     
           2           1   51.731364190797493     
           2           2   58.889727457341827     
           2           1   48.128328028913678     
           2           2   51.000000000000000     
           2           1   50.344194071178777     
           2           2   48.083261120685229     
           2           1   57.712561843105746     
           2           2   51.000000000000000     
           2           1   68.592577676539463     
           2           2   58.889727457341827     
   1   2  2.0823
   2   1  2.0823
